0	0	9.776454945278024E-7	0.12872830632225465	6.26919363662406E-7	0.6055482095068292	1.2570132135194066E-5	0.1349441006370412	5.256516333961987E-7	7.220408644375541E-7	4.072569475981351E-7	0.12848190007309992	7.524831733935749E-4	0.001527795264690282	2.8458895887210016E-7	4.0910207487851836E-7	6.816852184997361E-7
1	1	0.0030115164266854492	0.3330096916341174	0.2737671287251955	0.00832256439855726	0.0020671114629043147	0.23327345664820026	0.0017123548994996153	0.004220399009036067	1.0228348511605463E-6	0.14010593576790367	1.839864688605603E-6	2.013865690724153E-6	7.147514784133601E-7	1.027468929224367E-6	5.032222422624186E-4
2	2	0.11812857772935709	0.16830058899369782	0.00483408438132788	0.046597165349896094	7.485374227415133E-7	0.26921946402833646	6.513481545120879E-4	5.341564331116167E-4	3.6994703382517736E-7	0.3128154532917271	6.654568754838896E-7	0.0765580559339658	2.5851699231910405E-7	3.716231239899577E-7	0.0023586916226196277
3	3	0.40600770925132096	0.11540109360324316	1.324787705140647E-6	0.007474135309047835	3.492426287493572E-4	0.2834968936521519	1.110791692638448E-6	1.504549306066638E-4	8.606034974884788E-7	0.16824666845490518	1.5480446174892803E-6	0.0019129516788994648	6.013850832904877E-7	0.014446990589983947	0.002508414288495567
4	4	2.106239872288924E-6	0.24127153942382099	5.196225481414383E-5	2.9127835555201435E-6	0.18091300907834132	0.33002355074733253	1.1324641042074466E-6	1.555565147707117E-6	8.773945423971669E-7	0.23507218031459998	0.002026043026912859	3.5600884367122213E-4	6.131185749279428E-7	8.813696854005807E-7	0.010275627375024611
5	5	1.7303978631456098E-6	0.2079275397989671	1.109625046418278E-6	2.3930201429528E-6	2.2248688208503994E-5	0.34936690346394766	9.303847542683222E-7	1.2779867302820385E-6	7.208303580587675E-7	0.205994516069114	7.913236970725079E-4	1.4192472277219107E-6	0.2358859561357317	7.240961679265346E-7	1.2065586677711084E-6
6	6	0.0015387257674172382	0.08483277424289087	1.4139313652518336E-6	3.0492879092104964E-6	0.005988991339323666	0.3779421158980707	0.1684886410757109	5.844467074077121E-4	9.185126593662052E-7	0.3490089792149506	1.652211015383021E-6	1.8084650998101932E-6	2.7133589985782105E-5	0.011577812307890718	1.5374483028161175E-6
7	7	0.0012963002177459326	0.2742825522127586	1.0014996971188774E-6	2.159836744945995E-6	0.20867937636366357	0.3505441335087711	0.0079193849380437	1.1534556897672451E-6	6.50590384202467E-7	0.15715605304425434	1.1375622610864274E-4	1.2809513207081184E-6	4.546290522097592E-7	6.53537963300446E-7	1.0889878019871425E-6
8	8	1.9088682837771368E-4	0.1796866985328847	6.754596934755205E-7	1.456698059815009E-6	0.0025193454246155533	0.24239729583124617	5.663511318178071E-7	0.42415206566248365	4.3878953009743877E-7	0.14849101103824858	0.0017472573701505908	8.63935345094634E-7	3.0662375748499074E-7	4.407775195893412E-7	8.106906769556182E-4
9	9	1.977422364387584E-4	0.41343493570456996	0.009517515886721605	0.008344789287309732	6.377610800096366E-4	0.3091768843364606	1.0947592734041021E-6	9.311078565758693E-4	0.014067225756838941	0.23240731762274058	0.004625082851828721	0.006117486327721615	5.927050959980967E-7	8.520249187631577E-7	5.396115634958788E-4
10	10	2.808115708705017E-6	0.150920811427355	0.02301154446380503	0.07760272597958132	2.36687905044366E-6	0.5196900550191144	1.5098423889932213E-6	2.073936109871148E-6	1.1697743593468344E-6	0.09110297772197858	2.104177947159785E-6	0.1376559021348476	8.174320143711602E-7	1.1750741647769275E-6	1.9580215744621156E-6
11	11	0.3863212816836244	0.2008672451932388	1.8754995768498743E-4	9.012394497835796E-4	1.1903394334920642E-6	0.22774707341506473	7.812720595969726E-4	0.0015111654832385651	5.882972972182289E-7	0.18162628781088483	1.0582230575403426E-6	1.1583020870566521E-6	4.1109897893703334E-7	5.149396723169968E-5	9.847187972167794E-7
12	12	4.504957817580566E-4	0.1973128532908027	2.0557775303806425E-5	2.2463741756821455E-6	1.3691239903238782E-6	0.2968096788757788	8.733701183383482E-7	9.878041512546674E-5	6.76657363775006E-7	0.2503776972316121	0.003943479235000851	0.2509790066815117	4.728445169703735E-7	6.797230425037221E-7	1.1326198990460945E-6
13	13	2.728130027188607E-6	0.08867118000873635	1.0008229822754624E-4	3.7728144761973435E-6	5.922967003733302E-4	0.1971709927842141	1.4668364074050625E-6	2.0148626206074043E-6	1.1364547923992436E-6	0.20581914044435753	2.044243056794106E-6	6.577900603734127E-4	7.941484806620165E-7	1.1416036394667888E-6	0.5069734186102169
14	14	1.4637549714467738E-6	0.1880220014680535	9.386391492555468E-7	2.024271530624675E-6	0.0027974961107805198	0.23526264279523643	7.87018603307154E-7	0.42666850858867633	6.097551566899344E-7	0.14451325484719071	7.749052714761597E-4	0.001953308231893635	4.260936154255981E-7	6.125177268083775E-7	1.0206359392293941E-6
15	15	0.05337017187033765	0.27554644251201993	9.652393432233043E-7	2.081637575287027E-6	1.2687200442106424E-6	0.1759378188621032	0.006258199581347646	1.1116936087260383E-6	6.270350724633781E-7	0.32701659339940226	0.16186136727151212	1.2345731257416102E-6	4.381687273871366E-7	6.298759313481254E-7	1.0495598488867943E-6
16	16	6.5885859805761E-4	0.45014032735542747	0.002410299930822534	0.02402812741383442	0.005630142526572459	0.08844608443428602	9.801034977043916E-7	1.3462809430430409E-6	2.4167245160656734E-4	0.11373852214564353	1.984766311053272E-4	0.002060207043074111	5.306302050209014E-7	0.31077866290402945	0.001665761550894778
17	17	5.494748106642402E-4	0.21814369627396804	0.5192125525576333	5.269838758005766E-4	8.016832304817808E-7	0.16631025746210415	5.113972020241291E-7	7.024608207431072E-7	3.962131006061091E-7	0.09525179237582039	7.127040031350059E-7	7.801063569751566E-7	2.76871578147377E-7	3.980081923905099E-7	6.631995246540275E-7
18	18	9.791636737239355E-7	0.2065493469285183	1.2392236533108097E-5	0.0042247534787598585	5.964702673202779E-5	0.20751613210617215	5.26467914326968E-7	0.39580030026763746	4.078893742075605E-7	0.1823150613740868	0.0021771372788104894	0.0010478296789593897	2.850308951764428E-7	2.3938424627832015E-5	2.712626473051176E-4
19	19	1.4644245802419638E-6	0.14366405225399473	9.390685387654795E-7	2.025197553112864E-6	1.234320882570711E-6	0.1191931166975298	7.873786325395272E-7	1.081551948778955E-6	6.100340950531144E-7	0.4240168141521668	1.8691923809811588E-5	1.4195790641087792E-4	4.262885360496293E-7	0.31295577769848193	1.0211028389598315E-6
20	20	0.4941279559168968	0.1274947004122536	1.2938603968478937E-6	2.7032403993498002E-5	1.7006627749025493E-6	0.20740088078640606	1.0848601437616329E-6	1.4901758241186572E-6	8.405126183375267E-7	0.17091277299692303	1.5119053530997867E-6	2.5896951784116792E-5	5.873456852787033E-7	8.443206632849421E-7	1.4068882833364974E-6
21	21	0.3296816227095655	0.15171487978614967	6.604072463997701E-7	1.3797775655243966E-5	0.002067249182387943	0.2728911726741439	5.537301412238098E-7	7.606098115803169E-7	4.290112172788006E-7	0.23067071277772994	0.010171821367473096	0.001621778388750622	2.997907252163113E-7	4.309549049316694E-7	0.0011638308340973103
22	22	0.010244653802337184	0.5402889499020723	0.032367836367296746	0.007825451163705775	0.004331413485275012	0.2417492700081965	0.005440776382061833	0.004713326435975821	6.308111814422261E-7	0.10698454145912786	0.020232699750224886	0.00464067464163163	6.00837971813441E-4	3.8270459192392517E-4	0.02019623322717572
23	23	0.0010468976921175165	0.30144593427166955	5.639257849955864E-7	0.0018185408549612773	7.412295736743522E-7	0.23180836888208448	4.7283355273229254E-7	6.494893679757245E-7	3.663353011263141E-7	0.20184198461575678	0.0015961009855481175	0.26042757586618914	2.5599313298519756E-7	1.0933836255841457E-5	6.131887037538696E-7
24	24	1.3714737654067483E-6	0.22250395864086323	8.794634303549499E-7	1.8966530276358185E-6	1.1559753444316878E-6	0.43268158345927665	7.374016747188014E-7	5.777368135988266E-4	5.713136536063577E-7	0.14842002030128995	8.084411478246084E-4	0.0020608531148494473	3.9923090036437117E-7	0.19274170480751118	1.986902029895942E-4
25	25	1.825907637857961E-6	0.30105629826360025	1.170871098818005E-6	0.010181620729864938	0.007855237785099077	0.09458254131679115	9.817375906122355E-7	1.3485255510320387E-6	0.3800934563535048	0.20617620859180905	1.3681895561572562E-6	2.343528905079423E-5	5.315149065414483E-7	7.640628503535576E-7	2.321086108866463E-5
26	26	1.6441234237593091E-6	0.16457210165875372	1.0543011923800466E-6	2.2737085813342075E-6	1.3857838108224462E-6	0.3407977397603026	8.839974899300824E-7	1.2142686738474435E-6	6.848910886233004E-7	0.09673859071086138	1.2319749645496505E-6	1.3484861839584363E-6	4.785981994944778E-7	0.39787822133459116	1.1464018825220764E-6
27	27	1.119054321721896E-6	0.114582181934347	7.175983801944535E-7	0.63182646344619	9.432183375425961E-7	0.1182551006586577	6.016830593141568E-7	8.264784672269366E-7	4.661635018131824E-7	0.1353282490888135	8.385300570562837E-7	9.178321226581281E-7	3.257525413073971E-7	4.682755124231604E-7	7.802856905554643E-7
28	28	1.6605234814938747E-4	0.213829311077736	1.2512136088234016E-6	2.6983703898139994E-6	1.644607419132247E-6	0.43930849503631686	9.482118840974564E-5	0.014817430681066886	8.128085758044394E-7	0.13487373721920728	1.4620716096265166E-6	0.0024631176069691593	0.1944369887634416	8.164911042076776E-7	1.3605159957699536E-6
29	29	4.638278459927535E-5	0.2957599704156242	8.029131294853634E-7	8.742581744450545E-4	0.005311432828008521	0.14812514744805208	6.73216720446537E-7	9.24737890843103E-7	5.215853413594023E-7	0.35591951126336474	0.18894807997124222	0.0050105331788218395	3.6448102392323923E-7	5.239484473740844E-7	8.730532885633987E-7
30	30	1.2712021612230213E-6	0.08305867710213681	8.151638343969766E-7	1.7579843586040323E-6	1.071459325892591E-6	0.33741952630702166	6.834885407479946E-7	9.388473761725654E-7	5.295435972012426E-7	0.10964947470784514	9.525375132283488E-7	1.0426215736941526E-6	1.5643136433164902E-5	0.4698467295241026	8.863741794761669E-7
31	31	1.5397947290305663E-6	0.23380923831653086	9.873999697209441E-7	0.06306913894916182	1.2978481886726494E-6	0.2786014166981858	8.279029760176088E-7	1.137216632643114E-6	0.3828427344216776	0.041593097915508366	7.515439721424527E-5	1.2629173018422461E-6	4.4822850538804857E-7	6.443370547497537E-7	1.073656363353796E-6
32	32	2.014479413343262E-6	0.37547205206657586	0.09630636842389718	0.026553846217826353	0.1830031265467537	0.14220463213632994	1.0831271662315101E-6	0.0019619580660725907	8.391699664853597E-7	0.15507700799527796	0.009707047496931728	1.652246794556809E-6	5.864074474045813E-7	0.0066567605575889146	0.0030510250619578245
33	33	1.1448051433244504E-6	0.2538007842446966	7.34111204917954E-7	1.583186055692008E-6	9.64922956050252E-7	0.2741186078187858	2.8124476129220506E-5	0.2144881099326563	4.768904995467175E-7	0.20648570107389297	8.578256689747572E-7	1.5223816437210015E-4	3.332485094788781E-7	4.790511101284613E-7	0.05091986024831886
34	34	1.0647139356729533E-6	0.10597361815030969	6.827523747316791E-7	0.6221502714382534	8.974164067555004E-7	0.141000963573011	5.724658094563206E-7	7.863453315082478E-7	2.6027933224835323E-5	0.1308419462703874	7.978117057398189E-7	8.732629262346518E-7	3.0993425750520365E-7	4.4553642672516974E-7	7.423956392592887E-7
35	35	3.630745550205618E-5	0.00860939504766956	4.745802773610031E-7	3.659085525619073E-5	0.0017612088181525418	0.5304021529725387	3.9792023094499246E-7	7.16813360977997E-5	3.082950158361946E-7	0.25355320791066305	0.20552662663977414	6.070039110510515E-7	2.154348946033352E-7	3.0969178401284666E-7	5.160382320599563E-7
36	36	1.631937954229669E-6	0.25319265881783537	1.046487207815898E-6	2.256856922731973E-6	6.019717704830333E-5	0.2358829973726795	0.14668250027854945	1.2052690855488154E-6	6.798149980020388E-7	0.35469968089394227	0.0012168705671285298	0.006138398770768795	0.002118054955605734	6.828949827778049E-7	1.1379052909606877E-6
37	37	7.399233530296975E-7	0.3675124745926422	4.7447902152342003E-7	2.7693101869121012E-5	0.2260275111151702	0.08076884686741305	3.9783533119631426E-7	6.277609585087022E-5	0.001147111316032252	0.3228762519021607	5.544395472049844E-7	9.962808722379928E-4	2.1538892969131023E-7	1.808951852708133E-5	5.605825519138464E-4
38	38	0.06026059315150953	0.0685834735159453	0.004369090426300499	1.8417533311006086E-6	0.27268788097671537	0.28179788151960794	3.047325112654715E-4	0.0023051082887554173	1.655564266145975E-5	0.30019636573372077	0.006225334802525444	4.909490111111678E-5	3.87674935747689E-7	0.003200730491192582	9.286104223066632E-7
39	39	9.660735348953532E-5	0.21201410579896013	0.18553771488419965	1.8279479212176612E-6	0.0021132773592547095	0.35281724939082226	7.10689745970487E-7	0.002700733759602759	5.506181627615725E-7	0.2441415747414704	9.90446222496673E-7	1.0841154125878018E-6	3.8476900296126974E-7	5.722664759859282E-4	9.216497466911837E-7
40	40	0.0028999393213552395	0.3092249650609222	9.100081558595733E-7	2.9181454733965054E-4	1.1961236307243055E-6	0.17427633046685467	5.191336917219337E-5	1.0480822791364553E-6	0.30204344765790586	0.19260253190025572	1.0633652637953787E-6	0.018602843662108882	4.130966255823847E-7	5.938343051707053E-7	9.895038254038134E-7
41	41	0.022007566941723764	0.420204210599462	1.0925663385643065E-6	2.3562312910437087E-6	3.289652057869561E-4	0.19642360510257123	9.160815788253361E-7	1.2583397311957221E-6	7.097487458239956E-7	0.19046345581389276	0.1550453766584018	0.0012501022210429538	0.014268483515323298	7.129643490957411E-7	1.1880097607428997E-6
42	42	1.1018546520328336E-6	0.3413959296778725	0.00230419463369651	0.022983450686676243	0.005825841068698427	0.18127940556988595	5.924352956651283E-7	0.003879675861561052	0.006844731006918174	0.14634109185499689	8.256419963734682E-7	9.037252030624464E-7	0.2884526278795391	4.6107819949489983E-7	6.891670248084266E-4
43	43	8.748994550876608E-7	0.10341600362642839	5.610330254905543E-7	1.2099252222129124E-6	0.017828481972161633	0.233446897499583	0.18906286037495457	6.461576945665297E-7	2.1387739779205102E-5	0.44438236408007564	0.011132484278579307	7.049975824991316E-4	2.546799698201693E-7	3.661073307143119E-7	6.100432411799669E-7
44	44	1.7843125446839906E-5	0.05742570417575336	0.21224422388423994	5.131237523046522E-5	1.1555754756273449E-6	0.24148819411997938	3.368139878527393E-5	1.0125526718975557E-6	5.711160278449841E-7	0.4887322211286924	1.027317568947158E-6	1.1244737824436366E-6	3.990928005480088E-7	5.737035386767962E-7	9.55960006394725E-7
45	45	0.45616245595567295	0.12820702215356114	7.757116046907507E-7	0.05405327791350833	1.0196029288564504E-6	0.15509735803180086	6.504091206690717E-7	1.4623249223988535E-4	5.039147913652975E-7	0.20625443386936884	1.5440344995827057E-5	9.921608637284344E-7	3.5213293887477506E-7	5.06197838797687E-7	5.8979108765132974E-5
46	46	1.464115453918257E-6	0.2300929345960845	9.388703101854529E-7	3.720654359467543E-5	0.0028861394907576266	0.22349950558433904	0.005102144375987123	0.0032202136027191476	6.099053225648048E-7	0.5019077092263942	0.004856181840118877	1.2008462581321612E-6	1.763350662595928E-4	0.028216395049106828	1.0208872937067723E-6
47	47	1.959096733645339E-6	0.13287715537959663	2.4794210371633244E-5	0.019539192186058634	0.0036971064631537236	0.5120068327829048	1.053349505302246E-6	1.446892464595552E-6	8.160992509654409E-7	0.15046051483676312	1.4679908418696581E-6	1.6068227240010345E-6	0.18138386806886533	8.197966881739094E-7	1.3660240776562633E-6
48	48	1.0860484964507649E-5	0.07674140489826972	5.351133926454106E-7	6.528443986332953E-4	0.433204358478748	0.3430339141706785	0.0023665860250525416	0.006627806085787953	2.2091974413062577E-4	0.13240601221448348	6.252921913577165E-7	6.844277726789741E-7	2.4291379740103384E-7	0.004020777486680801	7.124282654163503E-4
49	49	1.4840603907758856E-6	0.20876390743111006	9.516600864316073E-7	0.001963409433203209	1.2508713361176033E-6	0.3551021726555975	0.25952400074895804	1.0960539924043826E-6	6.182137678551896E-7	0.17458320026005622	1.1120364936685674E-6	1.2172048060390688E-6	5.3923561193304153E-5	6.210146607433416E-7	1.0347943476602333E-6
50	50	8.977244568155294E-5	0.14703641359881844	5.274976723069613E-7	1.1973739309453436E-4	7.9759874971423E-5	0.1890027445199548	4.4228975707657574E-7	6.075340743605039E-7	3.4267101056482613E-7	0.14418035569659426	6.163930486252677E-7	6.746870138412585E-7	2.3945665434914453E-7	3.442235233789563E-7	0.5194874217181304
51	51	0.199921820459545	0.04217493747852255	0.0010286377691201484	1.9392811816023324E-6	0.009537247747700848	0.2595530830164642	7.539751183940851E-7	1.0356685143967617E-6	5.841541921941988E-7	0.48743882329047966	1.0507704833283393E-6	1.1501447026543765E-6	4.0820379948769476E-7	5.868007740200572E-7	3.3794123940153817E-4
52	52	0.01922953887761681	0.2034852573705679	1.491577310084272E-6	1.9884245145032953E-4	1.9605438216746115E-6	0.422786690626723	1.250639388137825E-6	0.04491179208476322	9.689527196334463E-7	0.12109950920413716	1.7429420710089977E-6	2.9854307138265432E-5	0.1882485052024428	9.733426781275647E-7	1.6218771718807234E-6
53	53	1.6752975120044026E-4	0.24586084545102266	9.84395079464297E-7	2.122948883846393E-6	1.2938985314958805E-6	0.379692721385299	8.253834726123295E-7	1.1337558150576202E-6	0.21878157820009753	0.15548639583897064	1.1502880788630603E-6	1.2590739475667449E-6	4.468644406626134E-7	6.423761856012956E-7	1.0703889746114803E-6
54	54	1.4067778819255344E-6	0.2255779839140103	1.780409622026186E-5	0.04916984565526378	1.1857321573449533E-6	0.2709628674945158	7.563836744493612E-7	1.0389769334821583E-6	0.38425051474886296	0.06975887927593316	1.0541271453037588E-6	1.153818813272141E-6	4.0950779707204065E-7	2.5411858340358207E-4	9.809073873799072E-7
55	55	0.06616028376305996	0.20394031775358562	0.020825566529348163	0.3482910765018663	0.0016238869317569367	0.20769584432629315	1.190783914405232E-4	0.00339856951598629	0.0031783757520971135	0.1430386932756377	1.0541984175245382E-6	1.1538968259004709E-6	4.0953548493707083E-7	5.887150973395016E-7	0.0017251009131025738
56	56	0.029869089470207357	0.3451058194505479	0.005188166478401701	1.8775948004784728E-6	1.1443597034148745E-6	0.16213422308551378	7.299920070472633E-7	0.24881176886485834	3.319007511057202E-5	0.20884994968608903	1.0173466409669453E-6	1.113559876715466E-6	3.9521928987130174E-7	5.681352929472873E-7	9.46681659889375E-7
57	57	0.006345922017003902	0.2927374536983266	6.732444183266296E-7	0.004151477628013439	3.2885047648116637E-4	0.23929394322691025	0.18977909570389884	8.907381405449503E-5	4.3735045156913036E-7	0.26726994802991083	7.867014420507421E-7	8.611019347242992E-7	3.056181371695564E-7	4.3933192114021406E-7	7.320570953968082E-7
58	58	7.168516889466642E-5	0.376983889920111	4.7494872420173276E-4	0.06058774051106772	1.231612167014255E-6	0.16726318664756845	7.856507311640446E-7	1.0791784844471587E-6	6.08695376032338E-7	0.13307891929166762	3.346587153726438E-4	1.1984639871266504E-6	4.2535304641687544E-7	6.114531446852344E-7	0.2611990306141794
59	59	7.94863809641839E-7	0.04712213626084638	5.097098248068144E-7	0.0012808044297977056	0.45599591871245787	0.25643204690097415	4.2737522159559835E-7	0.002607747617534577	3.3111573743539067E-7	0.23536316239625193	5.956075435420973E-7	1.5345255526774218E-4	2.313818917974354E-7	3.536840484929734E-4	6.881570243477565E-4
60	60	0.011128928704764032	0.2279550429773728	0.299099025884143	5.44903608504408E-6	3.3210878708169308E-6	0.2522491428946539	0.003647327532686936	2.9100447942412813E-6	1.6413696490706646E-6	0.20016729753547263	5.029285522392772E-5	5.057207915090011E-5	1.1469802597799164E-6	1.6488060744884619E-6	0.005636252211798456
61	61	0.2809160286139092	0.25738313009976754	0.0016440498196807734	1.910441231821056E-6	7.314594735655174E-4	0.16120292208584278	0.001610711493599845	1.0202666076342916E-6	0.006706012244312917	0.2380306801918999	0.003635913001016267	0.048117621202579355	4.0213321148352284E-7	1.717568997310074E-5	9.632428019083637E-7
62	62	4.1368656059841416E-5	0.4030858212239598	7.161156318357359E-7	1.5443767578947646E-6	1.435857406551659E-5	0.14202772964652305	6.004398227165151E-7	8.24770743764038E-7	4.6520028452300376E-7	0.2287953327830897	8.367974318161061E-7	9.159356383418162E-7	3.2507945025911364E-7	0.22602838172712725	7.786734136064997E-7
63	63	1.1845600642218E-6	0.11089999909973434	7.596042183373567E-7	0.002036830848606284	9.984312225124537E-7	0.5643377877038113	6.369035975712646E-7	8.748577859114657E-7	4.934511729475394E-7	0.10971905076738354	0.19829696922123202	9.715589824878383E-7	3.448210187489013E-7	0.014702272210132932	8.25961036720285E-7
64	64	9.612510296381994E-7	0.22616930537542085	0.24658606636901254	7.06241165244638E-5	0.004805247809917782	0.2539008341497718	5.168368050191307E-7	2.778890249914541E-4	1.1949556364054845E-5	0.26817374450904813	7.202848557768628E-7	7.88404151446902E-7	2.7981659126000295E-7	4.0224170510194716E-7	6.70253810649948E-7
65	65	1.077295978616105E-6	0.24907235837942474	0.2674237082865256	1.0503680488633558E-4	9.080214447749849E-7	0.22125937142468563	5.792308091024583E-7	7.956378094196318E-7	4.4876826453626536E-7	0.26206779289881804	8.072396852241138E-7	1.382695495033064E-5	3.135968433010959E-7	4.508014639018E-7	5.252465841042803E-5
66	66	1.0415962562870077E-6	0.1680845399510336	0.001114454109550712	1.1407051862477692E-4	8.779311872313018E-7	0.19457987720082168	5.60036103599167E-7	7.692717508483374E-7	1.7563621754507897E-4	0.22103346320239792	0.41125068493887806	0.0026414035638684663	3.0320478721683193E-7	4.358626843961728E-7	0.0010018823945100507
67	67	0.3336143333158833	0.21102991595518278	9.251671719521069E-7	1.9952178307675953E-6	1.216048789911129E-6	0.16508021389006175	7.757227855591428E-7	1.065541349182615E-6	5.260342855083771E-5	0.2901953274807289	1.841522058890569E-5	1.1833194899580445E-6	4.199780346715809E-7	6.037264624337116E-7	1.005987089115611E-6
68	68	6.983981129914127E-4	0.19422656811732486	1.239071718293341E-6	2.6721851584101564E-6	1.6286479993279764E-6	0.26958833498196605	1.038921606777268E-6	0.003971282420983099	8.049210075429397E-7	0.2301182926032968	0.003692716890243464	1.5848138132901843E-6	5.624744595811434E-7	0.29769352852400616	1.3473134249470794E-6
69	69	1.4727163743981726E-6	0.14704316241284737	9.443856873076931E-7	3.742511278055071E-5	1.2413097946793124E-6	0.20816218459609534	7.918368898182574E-7	1.0876758600062849E-6	6.13488200653837E-7	0.29985087651388814	1.103536192551983E-6	7.198479711160962E-5	4.287022464173501E-7	0.344825656031553	1.0268844781560109E-6
70	70	1.3127593416476356E-5	0.084520183267581	0.0022790034005616133	0.027850668481396886	8.501831728574058E-7	0.30917073871193723	5.423355251499859E-7	2.4982794032316446E-5	4.2018305758814015E-7	0.2490953598751931	7.558209123687841E-7	8.273009494545531E-7	0.3270414146439859	4.2208674818662624E-7	7.033215298379606E-7
71	71	0.4252031955980453	0.21165578134407928	8.234137400140125E-7	1.7757761256362845E-6	3.193763572879286E-5	0.15439104967847672	6.904058200893527E-7	7.808668064258649E-5	5.349028691815159E-7	0.20832374942849294	9.621777159081364E-7	1.0531734765317277E-6	9.293978517907756E-5	5.373263118805363E-7	2.1688267329611542E-4
72	72	0.543306222775879	0.1564228493247817	1.539378316115893E-4	0.011045816892946498	1.5310775913517643E-6	0.10884888743783667	9.76681021291401E-7	1.541145710310478E-4	7.566991258797476E-7	0.17999402605494064	2.318585554904725E-5	1.48986946043256E-6	5.287772687086057E-7	4.4409553511931007E-5	1.266597444208358E-6
73	73	0.004026173716939465	0.28412710282858333	8.661896131350466E-7	0.004724543334733407	4.7178314643741827E-4	0.19550276186349863	0.21109295215464233	0.0017050557160609226	5.626907674789091E-7	0.29271267171321647	1.0121622982577977E-6	1.1078852366315688E-6	3.932052740369236E-7	5.652401066408763E-7	0.005632448152591895
74	74	1.8215120602737693E-6	0.21926990424313597	0.23502305125631764	0.006349138461305577	2.2038424562078777E-4	0.2451198880924729	9.793742160047904E-7	1.3452791936802616E-6	0.0018828597220780267	0.2920814366018048	4.513468507849044E-5	1.493977770583987E-6	5.302353702930551E-7	7.622234925085642E-7	1.2700900825072206E-6
75	75	7.902038212953891E-4	0.11607690468703274	7.388366789484555E-7	0.017692961884365945	0.002824945449891208	0.24109562184709166	6.194906867024366E-7	0.42438604994513424	4.799602438251102E-7	0.19566068562250807	2.3619454047019657E-4	9.449966109917708E-7	3.353936302272009E-7	0.0012325101450544051	8.033793054058756E-7
76	76	1.6266753479368613E-6	0.17220671518278316	1.1830706921125873E-4	0.00780030269781039	1.3710773352286222E-6	0.536822948124138	8.746161655062224E-7	1.201382383448594E-6	6.776227585990896E-7	0.09213541256553283	1.2189007681224324E-6	0.17978652374691567	4.735191296676075E-7	6.8069281116682E-7	0.011121666126909135
77	77	1.5284277202407914E-6	0.056821228946367264	9.801108266142472E-7	2.1137094534633415E-6	1.288267267599018E-6	0.3830167645940686	8.217912650031166E-7	1.6640102736254755E-4	6.36695828348585E-7	0.1856421410880066	0.018217815081456236	1.253594246112709E-6	4.4491961150465324E-7	0.356125516016058	1.065730461875276E-6
78	78	0.0037909589364993126	0.30626770251594587	8.289512833987069E-7	4.056046121483545E-4	1.0895816838650846E-6	0.07597060605609819	6.950488713235053E-7	2.960516875854616E-4	0.39676616802147924	0.21618581869701703	9.686484615208305E-7	1.0602561781366399E-6	3.110046808009621E-4	5.409398874370066E-7	9.013660599795734E-7
79	79	0.012458974426810635	0.16313082931332132	8.985031471487235E-7	3.722980002863467E-4	0.0020381625752035138	0.30538586625488773	7.58308496639848E-4	1.0348316333334378E-6	5.836821612550394E-7	0.24117621772334003	1.0499213989860298E-6	1.1492153180990351E-6	0.2746730637354748	5.863266044871471E-7	9.769937725461696E-7
80	80	0.3279070063801637	0.19779678642976967	9.783046157920599E-4	0.042098307794541316	3.5497298863314775E-5	0.22362351790860302	1.791453909817794E-5	2.2396742697639867E-4	5.945213719456028E-7	0.2062678771502597	8.241341995597623E-4	1.1705567052247168E-6	4.154483287935602E-7	5.972149235439666E-7	2.2390851504345264E-4
81	81	1.2603264285959787E-6	0.09435601463035123	1.595061543969424E-5	3.651611611462478E-4	0.11276670659550997	0.35891204889560263	0.23015040609023518	0.0012274672980472888	5.250131025614425E-7	0.1835906670213806	0.008329278531609025	0.009025919427869079	3.6687632496722144E-7	0.0012573487261215589	8.787908313057842E-7
82	82	0.3971291961891259	0.14837787967616464	6.884414922135546E-7	6.722220720387716E-4	3.1047599149974976E-4	0.25389234103314207	6.455170219116516E-4	6.070362964532631E-4	4.47222716301003E-7	0.19819331636456286	8.04459569138541E-7	1.6856488384598992E-4	3.1251682252857377E-7	4.492489133717239E-7	7.485817415213834E-7
83	83	1.028493545135433E-6	0.1558497236580947	0.4803306375089506	1.4223351882392608E-6	1.3223913816317308E-5	0.2372971007229817	1.2910017678948849E-5	7.59594733013843E-7	4.2843867655580915E-7	0.12631670580792104	7.706710338756555E-7	8.435554872969194E-7	1.732977619615562E-4	4.30379770243091E-7	7.171401606876404E-7
84	84	9.923794257200098E-7	0.16243155864713674	6.363675601906637E-7	0.0010029150376006815	0.027638644219289715	0.2094108154477888	0.0054613256182328975	0.003983057252083388	6.681084918040615E-4	0.34347258085516125	0.0011334406498102207	0.008096616988218971	2.888779513152237E-7	0.23669832720915399	6.919587820361499E-7
85	85	1.271415764203417E-6	0.2763708428167986	8.153008082236814E-7	0.0016515296240829436	1.0716393656316388E-6	0.22625413887814497	6.836033888766586E-7	9.390051328251299E-7	0.21625805668467596	0.27791402515769204	9.526975702656721E-7	0.00154388451692471	3.7010438922238225E-7	5.320321426122864E-7	8.865231189385572E-7
86	86	0.0011962607658062279	0.3537496819706966	0.15240081554432092	0.031755222223042	1.3095742108917971E-6	0.3609586054168455	8.353830563357927E-7	1.1474913532296534E-6	6.472262844508002E-7	0.09935216382733526	1.1642239066720274E-6	5.799605594637936E-4	4.522782374440073E-7	6.501586220844842E-7	1.0833568186784604E-6
87	87	1.1410697775071041E-6	0.23310745934339674	5.557009410257679E-5	1.578020304027268E-6	4.1224961115234987E-4	0.2676718049407475	6.135201315026252E-7	6.863224657122545E-4	4.7533446140257437E-7	0.22810376303127564	0.0016871351568564816	0.26827028212644116	3.3216115841459637E-7	4.774880221636928E-7	7.956364602069519E-7
88	88	4.3809924730222444E-4	0.33563469929912687	2.9903069589091273E-5	0.0076763272659705764	1.0216371570216903E-6	0.31807444635867904	6.517067636188404E-7	8.951915775908462E-7	2.9630730509048803E-5	0.06566788790911075	9.082451320869594E-7	9.941403417353375E-7	0.27244318283262636	5.072077632219144E-7	8.451583507596836E-7
89	89	9.750016847318909E-5	0.243657517577214	1.023725100949568E-6	2.2077681062862785E-6	0.0036265064652447085	0.26583389774268934	8.583604250459972E-7	0.01177815669756289	6.650283656205958E-7	0.17445381605562624	0.0035879956263550634	0.005256833603956114	0.012794021865972392	6.680413577546086E-7	0.27890833127355047
90	90	1.791518556256826E-6	0.503420816953166	7.975565062768572E-4	2.47754581931979E-6	1.5100188806823782E-6	0.1069643191044069	4.960274856449007E-4	1.3231274672220273E-6	7.462913529192602E-7	0.38830809929644416	1.342421121151579E-6	1.4693775336486904E-6	5.215043730871294E-7	7.496725169301054E-7	1.249176440032718E-6
91	91	1.1184979046119879E-6	0.14820184118973437	7.172415753378598E-7	1.0905400976565775E-4	6.728627793197313E-4	0.43160668053948176	6.013838899687142E-7	0.2678012732123626	4.659317156135416E-7	0.1484574704541482	8.381131224518934E-7	9.173757574154788E-7	3.36285605555354E-4	4.680426760878676E-7	0.0028094056229908044
92	92	0.4147729309318312	0.23390234041625865	7.40877618427581E-7	3.48629049917909E-4	5.649882021989724E-5	0.13372384148809502	6.21201948521816E-7	3.756470629379008E-4	4.812860710856457E-7	0.21681483014044076	8.657323773270758E-7	9.476070402597895E-7	3.3632011116741645E-7	4.834665963404409E-7	8.055985354303634E-7
93	93	9.181263529643047E-7	0.1448175537239985	5.887524590292057E-7	5.642470209916927E-5	7.738619971231856E-7	0.4058791634239092	0.0023611275248314532	6.780829546782033E-7	3.8246310969626976E-7	0.18734230244286182	0.006850938607681035	0.2526878566445172	2.6726315864561E-7	3.8419590546955915E-7	6.401841639265482E-7
94	94	2.037110347565473E-6	0.26590476404410546	0.1386780174673467	0.020243840855120192	1.7170210579813445E-6	0.320439986972731	1.095295163328385E-6	0.012214649385874432	1.7217527894816394E-4	0.23724480348637383	1.52644802206352E-6	0.004994619815941921	9.849395616099778E-5	8.524419890545866E-7	1.4204208173218886E-6
95	95	5.002442274904312E-4	0.2572472856342765	1.5148238849371236E-4	0.04301888001819707	3.480414801289067E-6	0.11879048601251077	0.30585711104669977	0.00233479010170623	1.720113240968529E-6	0.27208223006334636	3.0941218016477104E-6	3.3867413064937887E-6	1.2020058571778905E-6	1.7279064238349667E-6	2.8792038476676203E-6
96	96	1.434787521151735E-6	0.20502178163147752	9.200636475961653E-7	7.093829508229904E-5	1.2093406675247393E-6	0.27565109204037336	7.714436452593346E-7	1.059663475007354E-6	5.976882106927495E-7	0.1494451746995345	1.0751153349944366E-6	0.0012078732535986169	0.3685944711435858	6.003961100403644E-7	1.0004377356941841E-6
97	97	9.641238054715147E-7	0.2733419788850117	6.182485225996104E-7	0.027188146589175784	3.556356494070784E-5	0.17553176265915968	6.144515315888675E-4	7.120544101353499E-7	0.16767365348822155	0.3092283673546038	4.705701485660664E-5	0.0463353681321028	2.8065284559560033E-7	4.0344383671371077E-7	6.722569179445611E-7
98	98	0.0876455503100501	0.3911887438261838	1.082066988091813E-6	0.0012998601266019133	8.529240701621485E-4	0.25483044870234745	9.072782126424449E-7	0.0026368470281230524	0.08845551990202508	0.17279926043102792	1.2644199294561928E-6	1.3839995573421899E-6	4.912024343480723E-7	7.061129000703337E-7	2.8501052345669453E-4
99	99	8.687485267023568E-4	0.36305282622687945	0.012105061249544975	0.2919760656122863	1.9745759822195754E-5	0.1838567581999369	8.257185200246098E-7	1.9585552099121767E-5	6.397385315209487E-7	0.14532747216047381	0.0027688511639027027	1.2595850426904048E-6	4.4704583607390056E-7	6.426369449765894E-7	1.0708234769585432E-6
100	100	0.5159099984801179	0.17349522208061038	9.47958419107105E-7	2.044369491232519E-6	1.900716946631543E-5	0.06176292568707384	7.948325100126573E-7	1.0917906768493648E-6	6.158091049543761E-7	0.2487674296214932	1.1077110110609042E-6	3.673479752674043E-5	4.3032408182722496E-7	6.185991032239229E-7	1.0307693134290759E-6
101	101	1.0305565527096212E-6	0.025558972822070116	6.608488065041304E-7	0.007467658373192508	0.4289440132832425	0.2230387266249993	5.541003751064317E-7	7.611183689130987E-7	0.0010033561438091976	0.3133621082057779	7.722168872138831E-7	1.3227060446646092E-5	4.982724281250458E-5	4.3124304909397776E-7	5.579001596096711E-4
102	102	9.078071635538821E-5	0.186414973346677	9.531726916015466E-7	1.4492649003135173E-4	1.252859519164173E-6	0.2314225006731391	7.992045090488078E-7	1.0977961028060704E-6	6.191963806123262E-7	0.13417820774025152	0.44113280054445636	0.006180384501698173	4.2904531737294506E-4	6.220017253474386E-7	1.0364390896247344E-6
103	103	0.038568800117264566	0.3204379572552213	1.0743347670872476E-6	2.316913038519477E-6	2.1541095653558065E-5	0.2561697341932539	9.007949951245076E-7	1.2373419117114936E-6	6.979052224300324E-7	0.1750266580731505	1.2553846530410296E-6	0.2064240590461112	4.876924060206602E-7	7.010671671743079E-7	0.003342578785183937
104	104	9.581195085185483E-7	0.18298958353656997	6.143982414434414E-7	0.002395717970238542	3.6917571836595436E-4	0.24860722344798275	5.151530769185328E-7	1.0431116136029535E-4	3.991230243043817E-7	0.2528876961735794	7.179383436083617E-7	7.858357232476562E-7	2.7890501713613506E-7	4.0093129985306496E-7	0.312641621587668
105	105	1.7046332430514358E-6	0.5420452314182438	1.0931033733528843E-6	0.013150923373415587	8.33593152724786E-5	0.1034561607077006	9.165318651463031E-7	1.2589582494381841E-6	7.100976122993786E-7	0.3405572268077715	1.2773161970873342E-6	8.332064495507995E-5	1.0289937425111506E-4	7.133147961532473E-7	5.132044030533332E-4
106	106	1.145419574421976E-6	0.39589054687086433	7.345052114927618E-7	0.013804725600098702	0.23391123181060652	0.13586274491507216	6.158588911716897E-7	8.45950545763825E-7	4.77146452583568E-7	0.21878952891950462	8.582860746344864E-7	9.394565204915573E-7	3.3342736808081734E-7	4.793082227917678E-7	0.0017347925249921758
107	107	0.00403731435240677	0.13511085710441634	1.6314086194275992E-6	0.008317590355757933	0.07333103721449287	0.4717751221456904	0.007856943318556008	1.8789397139385524E-6	1.0597893973987223E-6	0.27978250574328195	0.006084628173127631	0.007215766791832823	0.005472133582465024	0.001009757156503191	1.7739237382939122E-6
108	108	1.1224498946221999E-6	0.2836112798671917	7.197758058705735E-7	4.2009917848219524E-5	7.831272663313507E-4	0.15092609940724494	6.035087604004414E-7	8.289862703170335E-7	4.675779927124553E-7	0.2832474617510325	8.410744285694105E-7	0.2813838593264772	3.2674097992024886E-7	4.6969641184599923E-7	7.82653329814717E-7
109	109	1.3274215020000477E-6	0.23752553331635304	8.51214727632542E-7	1.8357318048811495E-6	1.1188449729663224E-6	0.1709272395885607	7.137160500786388E-7	8.072312783337504E-5	0.36761467480164334	0.2233954719370963	9.946638033595459E-7	4.4764818572211665E-4	3.864074507100283E-7	5.554681055108525E-7	9.255743740415891E-7
110	110	0.1366466309603254	0.14631461903835502	0.004368486057960241	2.0046148813240259E-4	1.97650717527919E-6	0.21306406435840203	1.2608224804839094E-6	1.73187962496967E-6	0.0035790849496023	0.2817480478394055	1.4262753157188196E-4	1.9233105463808843E-6	0.006593417235112803	0.20564358816317288	0.0016920798581325101
111	111	0.0340409269158095	0.2895771834726129	1.1098096316092215E-6	2.3934182198360185E-6	0.003099711791857824	0.18234808589512919	0.005760770097089651	0.005677943178440344	0.28651635006113774	0.1584529242105792	1.296837840496127E-6	0.001810466564575701	5.037961593031539E-7	7.242166207135817E-7	0.032709609734296055
112	112	0.0027408992415268616	0.3216380693804259	2.6084223559515604E-6	0.016719846603566034	3.428535885940659E-6	0.21569235197201275	0.0019570667589789014	0.0019578838753265665	1.694473305985828E-6	0.12532036716659456	3.0480009533609223E-6	0.014176213946660762	1.1840888088738418E-6	1.7021503239991358E-6	0.2997836353832735
113	113	1.1893503977579858E-6	0.26273325096432804	0.0022299513558105503	3.0224131099156935E-5	0.013576189941815477	0.29740255458565584	6.394792210072675E-7	1.009060928597685E-4	4.95446678092138E-7	0.3326529299204642	0.0011154855442150327	0.003601972586035056	0.08655288360885617	4.976913597043597E-7	8.293012040729495E-7
114	114	3.8489578846992735E-5	0.15231435078451813	0.510601562357603	1.436894901938988E-6	8.757611724330604E-7	0.23308495694868406	5.586518417685876E-7	7.673703135745638E-7	4.3282438290697153E-7	0.10010855248873313	7.785599968308594E-7	0.003845776057158175	3.024553447950026E-7	4.3478534657186826E-7	7.244811556292857E-7
115	115	0.003480355450008128	0.2693486956996955	9.10194382929102E-7	0.013286723639859686	1.1963684094080015E-6	0.2327376563112724	7.631685856689678E-7	1.0482967621498347E-6	3.469849318328507E-5	0.19250551785261474	1.0635828743691304E-6	1.1641687963244093E-6	4.131811630379219E-7	5.939558293809285E-7	0.2885991996365631
116	116	0.03836922084360209	0.262995188876911	0.0024479939516385703	3.4340125663581993E-6	2.0929678762207864E-6	0.1505555649470755	1.3351132656005066E-6	0.017245981975815998	1.0344001972051564E-6	0.22495729225306024	1.86066831274379E-6	0.15000822416816348	7.228332798638758E-7	0.050122438261840714	0.10328761472639454
117	117	8.480061087123379E-7	0.0452088884364901	5.437875518595287E-7	0.5940941664133931	7.147596828497794E-7	0.18992854862488506	4.5594829482632925E-7	6.262955920220532E-7	3.5325317951325946E-7	0.16672767394261842	6.354281440319113E-7	0.0040353521077532845	2.4685141694657723E-7	3.5485363613467775E-7	5.912912530588477E-7
118	118	1.9157622829948793E-6	0.2280606354614691	1.2284907751389766E-6	0.050180322811139016	1.6147403040388814E-6	0.15417928849787715	9.309917541468214E-5	1.4148877712964774E-6	7.980474559164879E-7	0.16179439556573963	1.4355194607480336E-6	1.571280436148971E-6	5.576712587698075E-7	8.016631072654366E-7	0.40568092042550824
119	119	1.3660489717410026E-6	0.43694139566508333	0.24080725955511123	0.01183540895422862	1.1514029436432765E-6	0.14708054705879786	7.344849204687203E-7	1.0088965641848571E-6	5.690538519481622E-7	0.16332649306580121	1.0236081483990105E-6	1.1204135519165521E-6	3.976517631514736E-7	5.716320198405189E-7	9.52508242501928E-7
120	120	1.0472052817523365E-6	0.11288724581232576	1.3253367029886205E-5	6.435742299388008E-5	3.7833792350739905E-4	0.21661420808756351	5.630519139456721E-7	0.45582833283059254	4.362334086765162E-7	0.20978029279758145	7.846921169173182E-7	8.589025822541028E-7	3.048375536197866E-7	0.004404082963901148	2.589387164720215E-5
121	121	6.23578646678626E-5	0.05763896636292333	0.003146784206976848	1.757823274201067E-6	1.0713611478940395E-6	0.42281846891244773	0.18165749243882434	9.387613494293091E-7	5.294950750322131E-7	0.33391953655917006	2.1475617668693277E-4	4.2864997894785813E-4	1.0727187153059964E-4	5.318940170601698E-7	8.862929608607646E-7
122	122	1.4558435598311198E-6	0.4058244632695646	3.591657105193085E-5	1.069623459853169E-4	1.8718590754706397E-5	0.3230228258392382	7.827648666904402E-7	1.0752144292691918E-6	7.877240749155869E-4	0.15214559160473792	8.057000110245384E-4	0.11724673575256266	4.237906329973969E-7	6.092071454930661E-7	1.015119530279478E-6
123	123	3.046411868426299E-5	0.19957003955039676	0.003207565102504626	0.32567185223244227	0.004895439187498731	0.340191927155953	0.0011261933204488725	0.010210511775826527	9.750840180208339E-7	0.08839898827262316	0.026297104157027674	3.675236481662468E-4	6.813834537089282E-7	9.795017551102238E-7	2.9755509201168876E-5
124	124	1.961497552555689E-6	0.20553139649438243	1.257818712771257E-6	2.7126149734637057E-6	0.022720025621726866	0.42531937689600974	0.0025934000309933447	1.4486655913281867E-6	8.170993580458067E-7	0.10021199880390703	0.005091893465984658	4.8742344397889515E-5	5.709846252414979E-7	0.2384730299636823	1.3676981024153815E-6
