0	0	0.2005425175425778	1.469812570707747E-4	0.13666413426508797	4.381678257956423E-7	0.0011604069752044767	3.5945783042426884E-6	3.7761324251011946E-7	7.284664357753233E-5	3.29675689959649E-7	4.917005945980972E-7	5.76596975349131E-7	0.5715870080168428	0.08980705569365877	1.2554825610394021E-5	6.864477370626509E-7
1	1	0.3487117722411694	6.712099165457955E-4	0.2406934897154409	0.001182094668347678	1.3481344631445161E-6	0.12201502775203223	9.464408133580757E-7	8.893255302286593E-7	0.17509112123109877	1.2323866281453342E-6	1.4451688894745621E-6	2.763191605437255E-6	0.11162375417651221	1.1851547079239757E-6	1.7204962153200315E-6
2	2	0.15108867495480469	0.0035979848187233606	0.2437712090860788	0.0022343877028000517	0.08115434893567296	0.23397308983748796	1.2021336203342622E-4	3.200402646298516E-7	2.9735622084452616E-7	4.4349715508168703E-7	5.200707930911964E-7	0.008751706433346204	0.27354035930870035	6.106878630982367E-4	0.0011557567328202975
3	3	0.23411284474712582	9.466232593606916E-4	0.2818171394080048	9.237231219323533E-7	0.0013001342288312813	0.09162530448806601	0.26290826722665733	7.480245406156955E-7	6.950055198638871E-7	1.0365781820547941E-6	1.2856852236197824E-4	0.0049690899883355994	0.12218618081495836	9.968507321783751E-7	1.4471342015391244E-6
4	4	0.269428088866727	0.01702768660056793	0.2973163532426733	1.753709493374668E-5	7.534171813512447E-7	3.8881662371100334E-5	5.289270391121085E-7	4.97007644716484E-7	1.7385128800903384E-5	6.887304531526464E-7	8.076457512589495E-7	3.539093155151596E-5	0.22005678543685236	0.1960576537925262	9.615149263734443E-7
5	5	0.2668551265488431	3.971841854579637E-4	0.3395613619820211	1.1840511807483606E-6	1.4535064309856628E-6	9.713549089786509E-6	2.62211122673384E-4	9.588363866998952E-7	8.908752924793936E-7	1.3287115925304847E-6	1.5581251960669671E-6	6.827684300541583E-5	0.18956395133709583	7.848499083561944E-4	0.2024899504173778
6	6	0.10266625115501517	0.09152760545565794	0.33333580188060474	9.7969354549266E-7	1.2026430038849467E-6	0.047309399641382845	0.14892854953172857	7.933489991874172E-7	7.371174389010093E-7	1.0993867428945525E-6	0.0030538614330880417	2.4649863522675177E-6	0.270251158994989	7.844607441759709E-4	0.0021356339872750803
7	7	0.2414896354765065	0.0012895837245270598	0.3612200871401699	0.2076885806098434	8.547784341972347E-7	0.006860161333447836	6.000864295209781E-7	5.638727478617912E-7	5.239061701668184E-7	7.81389053636822E-7	9.16302664360567E-7	1.751988884234472E-6	0.1814441170765641	7.514418726139645E-7	1.090872684571284E-6
8	8	0.28880951889798745	0.014588415118472333	0.20832529259145122	4.6896248436181573E-7	9.704079388369748E-4	0.0020598915861633873	4.041520940381826E-7	3.797625485404188E-7	2.3311258649149567E-4	0.0011772560594155565	6.171205052407259E-7	1.1799466567844257E-6	0.10678689622865717	5.060884423054434E-7	0.3770456529597931
9	9	0.38462819889047833	0.0028671099344375313	0.2905503164307912	9.107785978234997E-7	0.005676806051892688	0.03242921161226122	7.849094326093995E-7	7.375421552881979E-7	6.852661125739144E-7	1.0220521720960411E-6	0.0070079107038132	2.2915908999311593E-6	0.19536287930490406	0.0814697080771556	1.4268548958513088E-6
10	10	0.18075814810619054	0.007365269346505508	0.4765541525885035	1.253068423033427E-6	1.5382299692425444E-6	0.06168543691012451	1.07989496821106E-6	0.16885619292021392	9.428035848594312E-7	1.4061609556996449E-6	1.648946864856194E-6	0.03141083789760878	0.07335877775996304	1.3522690352899385E-6	1.9630970891439535E-6
11	11	0.22916818443206752	0.006261973481448221	0.21234863736137904	6.287932939084184E-7	3.544838009985783E-5	0.07709099996917865	5.418943623946425E-7	1.39215160151537E-4	4.731015168328222E-7	7.056155616461519E-7	8.274462204728519E-7	0.3314221537345065	0.13929801495436078	6.785724429093183E-7	0.004231517103409764
12	12	0.24864858350330993	0.04180216998660049	0.2549850176415065	7.511813993560379E-7	9.221282091123173E-7	8.901425835908984E-5	6.47368490393033E-7	0.2501509786304604	5.651858295799575E-7	4.226886844499033E-5	2.2883101671470143E-4	1.8900317410570527E-6	0.2039013820321567	8.106495444006873E-7	1.4616751723327956E-4
13	13	0.22208413069821514	0.016299789521263538	0.25243464814717725	2.4410279668047393E-6	2.9965341918109126E-6	0.028491527498151443	2.1036790730338217E-6	8.096789158840064E-4	1.8366195137807286E-6	2.739258412068491E-6	0.3057184905488548	7.34503349011122E-5	0.15879067568398603	0.015281667339884612	3.824192524581346E-6
14	14	0.3328015540249613	0.0039510283670560874	0.19510043976791205	0.0012367182798141297	0.012970113897968667	0.0013522289181736923	5.765944210878139E-7	5.417984220707967E-7	5.033964442968795E-7	7.50799462980237E-7	8.804315150401728E-7	1.683402534637964E-6	0.10744674977796274	7.220246454612502E-7	0.3451355085187057
15	15	0.2373510402728579	0.011612270831046415	0.14384725657133607	0.003938190580013965	8.229859312651219E-7	0.09790740962817757	5.777669034229851E-7	5.429001480949632E-7	5.044200813924528E-7	7.52326184494364E-7	8.82221838291593E-7	1.686825668235271E-6	0.29832994723628	7.234928545028231E-7	0.2070073919406784
16	16	0.4755006473111706	0.001465378816320043	0.10900418234928191	0.001237605450682026	4.057687243879386E-4	0.0016482478080208258	2.3189907355431846E-5	6.604044992422102E-7	0.2964029416371209	9.151583378291816E-7	1.0731683779824463E-6	0.008794503953544136	0.10542277924434582	9.082844277989123E-5	1.2776237754407015E-6
17	17	0.3557709195384289	1.9424686227501166E-6	0.198799542769909	0.21640598560761587	5.230317005292439E-7	0.1804354488310867	3.6718781515779E-7	3.450289693764063E-7	3.205737582247965E-7	4.781253587456568E-7	1.2309079569161322E-5	1.0720271929767095E-6	0.0485696184332636	4.598009317482063E-7	6.674957772046069E-7
18	18	0.33777363314349723	0.002609628326725547	0.1902546252466576	1.9270430023221363E-4	5.349797847837073E-7	0.0037528108664766605	3.7557581716278957E-7	3.5291077690770614E-7	3.2789691333980023E-7	4.890476069855017E-7	5.734859263695958E-7	0.003546046921729229	0.13874751900569882	4.7030457859647447E-7	0.3231199079875785
19	19	0.22714956760340765	0.0037805318561487844	0.11965977557975706	6.554897799947591E-7	8.046599894994266E-7	0.0014513270620824421	5.649014069132218E-7	5.308110514037459E-7	4.931878443810191E-7	7.355736674438507E-7	1.8936947467709306E-5	1.281698583663611E-4	0.3230820297220318	0.32472484983573385	1.0269112647147087E-6
20	20	0.15179958001004681	1.5409510027275755E-4	0.17021790477034962	9.064307127625936E-7	1.1127077035729499E-6	0.5729647538183245	7.811624231777307E-7	7.340212682949931E-7	6.819947815383308E-7	1.0171730880012432E-6	1.192796861324605E-6	2.2806512776526726E-6	0.1048525611301807	9.781893494190668E-7	1.4200433599845481E-6
21	21	0.19464802766594555	0.02035679376519262	0.2557364793519698	4.6136777736776947E-7	5.663615241950705E-7	0.09644685223813342	3.976069719066602E-7	3.7361240779429564E-7	3.471312391608782E-7	5.177349798520758E-7	0.21368669102467777	1.1608377740364226E-6	0.21904378052648324	4.978924915406105E-7	7.705288243169357E-5
22	22	0.35719210399885254	0.008767839262734932	0.2540373919233868	0.0077998323110920285	0.0011521311038002334	0.04379223091308118	5.80374001746721E-7	5.453499147009575E-7	0.19319681349997014	0.001207768402835581	8.862027500782435E-7	0.0072994788061353615	0.12395364543040541	7.267575223074935E-7	0.0015980256635169515
23	23	0.33864294560071645	0.008763853574291311	0.20681082377517596	3.923053180489848E-7	4.815824788364958E-7	3.218338047384612E-6	3.380889113285372E-7	0.2736471811165599	2.9516892566858304E-7	4.4023487529786546E-7	5.162452523520569E-7	8.339241184152576E-4	0.1712945518903446	4.2336262268342343E-7	6.145980648473423E-7
24	24	0.24582623718175817	0.003594322983678806	0.40926483560866833	9.105042046662636E-7	1.1177082025165935E-6	0.027950556174838808	7.846729604548355E-7	0.15435302581969443	6.850596602784549E-7	1.0217442551961144E-6	0.008487059171091646	2.290900505071609E-6	0.14684925319973116	9.82585324024749E-7	0.0036669166854264848
25	25	0.33275810619715696	0.003162863570316199	0.08397452422584425	8.183565617871182E-7	1.0045904642779852E-6	0.11434475049947623	7.052600776077794E-7	6.626994352053024E-7	0.23100090872184817	9.183385550806051E-7	0.026424965057853664	3.631027820899112E-4	0.20796450449403758	8.831427063273276E-7	1.282063576733583E-6
26	26	0.1768386494065698	3.331434580946686E-6	0.2837078940929864	7.3073314495698E-7	8.970265329730507E-7	5.994683667801861E-6	6.297461749405485E-7	5.917426034823635E-7	5.498006461397112E-7	8.200098243531461E-7	0.47142990246037897	1.8385823176600404E-6	0.06800623690816332	7.885824802713093E-7	1.144789928017991E-6
27	27	0.19280317882209638	2.2852352775011997E-6	0.12604409962277138	5.012546759422056E-7	6.153255086348083E-7	4.112121148489792E-6	4.31981520236436E-7	4.05912540024733E-7	3.771419794154826E-7	5.624950251842754E-7	6.596146796106429E-7	0.5898206547069205	0.0913207895471589	5.409370826136086E-7	7.85281615252777E-7
28	28	0.23612019621463173	0.003858495272507836	0.4180475474326755	8.682585489956434E-7	1.0658486771879309E-6	0.006567017915887823	7.482656341278015E-7	0.19811432099008902	4.315952828831602E-4	9.743372736937381E-7	1.1425650714149084E-6	2.1846070981692443E-6	0.13409830516112606	9.369952421195594E-7	0.002754600852653063
29	29	0.31141797171392877	0.013597428987728703	0.16040730589320193	6.0494213664416E-7	0.21147710999807112	3.832389337472851E-5	5.21339423620165E-7	4.898779224186875E-7	4.551560031174957E-7	6.845825468090343E-4	7.960598330488654E-7	0.0028038591796428224	0.29956894985713384	6.528330811702292E-7	9.477217091400562E-7
30	30	0.12392968215438162	1.5941638441918995E-4	0.28123800595573506	5.68740075962243E-7	6.981686023469972E-7	4.594538435349304E-4	4.901404703542022E-7	4.605617462096484E-7	4.2791771990580594E-7	6.382253946067417E-7	0.5273510685013018	1.4309949592752766E-6	0.06684047129209846	6.137650424470655E-7	1.65733545179509E-5
31	31	0.24429232826556385	3.132668116518834E-6	0.19804125602980396	6.871347370836758E-7	8.435064087968886E-7	0.1734649057863672	5.92173046116171E-7	5.564369169117155E-7	5.169973813845365E-7	7.710848193373003E-7	0.36372538074139205	1.7288852793537973E-6	0.02042758838312213	3.8635419778231244E-5	1.076487267114444E-6
32	32	0.40069753257496293	0.01253972931953474	0.12901595306445524	0.0033739370574246232	1.12063421673522E-6	0.10369022450090983	7.867271318692468E-7	7.39250161045393E-7	6.868530570720625E-7	1.0244190483234911E-6	0.011630583132504963	0.018478414364312405	0.146528874360963	0.16762014893092164	0.006420244810395567
33	33	0.3152766754739544	2.3200272067416998E-6	0.29450822557591105	2.857277479929386E-5	1.465663797582126E-5	0.0036103844236548667	4.3855829184207296E-7	4.120924202801325E-7	0.16677004143325425	5.71058820477924E-7	6.696570885848743E-7	0.0018675289956338083	0.21591158883961797	1.4581117011334578E-5	0.0019933333343591718
34	34	0.167350963918294	1.0744862221110696E-4	0.1419264572989704	4.772317993074531E-7	5.858357312948464E-7	3.915045721968051E-6	4.11278593626073E-7	3.8645898209994363E-7	3.5906726474423404E-7	5.355371747218052E-7	6.280023219902915E-7	0.6001357307894845	0.09043136091395115	3.9992352891063E-5	7.476466079956442E-7
35	35	0.028751038089578247	0.3411383116859629	0.4306704691906027	3.269145921348066E-7	4.0131074549553787E-7	2.6818949978682122E-6	2.817351523602563E-7	2.6473315628458907E-7	2.4596920945579723E-7	3.6685509494813637E-7	4.301958152224945E-7	8.225429387351595E-7	0.19943349393212823	3.5279516425620265E-7	5.121548611566936E-7
36	36	0.266751124046533	0.03251910907805022	0.2276986034440853	0.11559922620122079	2.081090636455185E-5	0.04027214206180814	6.227073058623309E-7	1.2012856557079826E-4	5.436553531291388E-7	8.108443192240059E-7	9.50843637530546E-7	1.818031910625402E-6	0.31671333925869133	2.996383608949597E-4	1.1319942545450372E-6
37	37	0.3280732474352456	0.005150867269359758	0.0957958755241945	3.4970947277865353E-7	4.2929307104707457E-7	2.868896367175481E-6	3.013797914364461E-7	2.831922916219547E-7	0.2195386467746177	0.02777175207498432	4.601922194742676E-7	8.798966591379961E-7	0.32366311310104684	3.7739462801348373E-7	5.478660505991603E-7
38	38	0.06673805987615183	0.048841529315638704	0.17727053909047719	5.274432259041116E-4	4.2260925538119214E-5	0.16670593945710366	0.0021051681564414086	2.4394633639003934E-4	1.1040066201117235E-6	0.32918164346730316	0.001984455451431446	3.691896443863474E-6	0.20287080365140575	0.0010130756076807826	0.002470339535469844
39	39	0.30589839636791843	0.006585152079077367	0.4373519149065548	5.879842479980735E-7	7.217921823643702E-7	0.03158771615072057	5.067251070483206E-7	4.761455424845734E-7	0.0037780676328297213	6.598207064381929E-7	0.01408985670574596	1.76923986612775E-5	0.2006866956030658	6.345327016390901E-7	9.211549381423709E-7
40	40	0.41411994926969126	5.064661318150509E-4	0.1458586709001578	6.297760229514688E-7	7.730945370638293E-7	1.4408921476317528E-4	0.2779155013937951	5.099882303190319E-7	4.738409181677393E-7	0.0030917378755746855	0.0036128202040369437	1.584566223491891E-6	0.15431099389449585	4.348132224680172E-4	9.866272701021564E-7
41	41	0.3511287136619099	0.0015499560972042168	0.1777516961938121	7.579161346174426E-7	0.14056530797089292	0.14291124501929447	6.531724884727377E-7	3.140936338236034E-4	5.702530169983114E-7	8.505138718713159E-7	3.353758996828807E-4	1.9069768669914583E-6	0.18543686739788873	8.179174427751642E-7	1.187375669463381E-6
42	42	0.37943052855208276	2.8947833403743234E-4	0.14894155327025485	2.1584925069410607E-4	6.390866740268084E-7	0.12222480684478132	4.486627470092358E-7	4.215870974140623E-7	3.917055442659625E-7	0.00239790973884588	0.2379388320283351	0.004408369392111839	0.10344598722545703	7.039687155987512E-4	8.156057381397291E-7
43	43	0.1858683432803946	0.27276626123783926	0.20637928387177912	3.894699433126491E-7	4.781018561400061E-7	0.0018932911235668144	3.3564538402030815E-7	2.580557599468937E-4	2.9303560124934195E-7	4.370530911464775E-7	0.0011388658145130232	7.615421169912983E-5	0.33161678093552693	4.203027822238671E-7	6.101560760546963E-7
44	44	0.06411829546502704	0.002463761258175024	0.21747085493022458	6.864454168255896E-7	8.426602195067401E-7	0.3693464544392026	5.915789895870061E-7	5.558787101751412E-7	5.164787396260388E-7	7.703112819828538E-7	9.033122191598504E-7	1.7271508951309539E-6	0.34659222389488004	7.407886628750977E-7	1.0754073559401913E-6
45	45	0.20328491818348512	2.389430915298236E-6	0.1396528293700836	5.241094564423799E-7	0.07776529776175668	0.42966810548334705	4.516777810375496E-7	4.24420181847915E-7	3.9433782330609586E-7	5.881420683941204E-7	6.896899077147139E-7	0.013152375286216962	0.13646962541914245	5.656011882686831E-7	8.210866457269344E-7
46	46	0.18551218930512842	0.03336284943891978	0.18889003715624725	6.553831692501015E-7	8.045291172825061E-7	0.059713384385457244	5.648095297223225E-7	5.307247187663963E-7	4.931076308903588E-7	7.302117781746373E-5	0.028698294779539495	1.6489958264397246E-6	0.5020812205482423	7.072673365127608E-7	0.0016635983913191965
47	47	0.1698657803138077	0.009337905419630475	0.4606043047143106	2.4801168469405166E-5	1.065491548801495E-6	0.060749584248489766	7.480149166439214E-7	7.028741290255618E-7	6.53055311581361E-7	0.0017959640740548215	1.1421822380642786E-6	0.01237564871109767	0.10636266016204929	9.366812879850955E-7	0.17887810288865824
48	48	0.15437882161020938	0.08058626947449636	0.2911538063970799	1.346305018460835E-4	1.3471573511774062E-4	0.07141691927646363	9.504419213442778E-4	3.0329623249268837E-7	2.8179898424567313E-7	0.3183419712728474	0.00975986887686893	0.0024691866653221957	0.0692156313620696	4.0418603269141883E-7	0.001456747625084987
49	49	0.18821109725012833	7.304518515832757E-4	0.3392783196900097	0.29906091047133787	1.9480774173044644E-5	5.548810718259576E-6	5.829068753138056E-7	5.47729935824579E-7	1.9159374274520136E-5	7.590190833401088E-7	8.9007032428728E-7	1.7018321292631991E-6	0.17266876064751024	7.299292441840635E-7	1.0596426725333912E-6
50	50	0.21433064964998996	2.1953057459363542E-5	0.18003161911640989	3.676815720994319E-7	4.513550919848469E-7	0.006734909290399231	0.45508236380417605	2.977459722857038E-7	2.766421193688068E-7	4.1260274484044915E-7	4.838421944358432E-7	9.251158807518704E-7	0.1437943172847638	3.9678950938142287E-7	5.760217164940983E-7
51	51	0.0770558147012923	0.0028240454327999043	0.25406826177187003	6.354812994721995E-7	7.800981668462787E-7	0.29354481299434	5.476580887985137E-7	5.146083234477797E-7	4.781335450167489E-7	7.131206684084185E-7	8.362471491402911E-7	1.5989211499117048E-6	0.37248175681609136	1.8208449876602943E-5	9.955653388657878E-7
52	52	0.24926200334854742	4.7395486030744E-6	0.403337464142045	1.0395957573979576E-6	1.2761771987324921E-6	0.10696005950756893	8.95924122539055E-7	8.418573925343207E-7	7.821876194970591E-7	0.08181292472440505	1.3680323702749899E-6	2.6157050494525055E-6	0.08858106171621295	1.1218965589643206E-6	0.0700318056365482
53	53	0.22748735449000468	1.359772448171445E-4	0.3587795969123604	7.998563920652319E-7	9.818801996354614E-7	0.014717321812906551	6.893166224648012E-7	6.47718126814345E-7	6.01808696117558E-7	8.975781433915465E-7	0.26755162280624534	4.651698652609764E-4	0.13085622245165635	8.631779492536845E-7	1.2530806188502565E-6
54	54	0.24942460758646706	2.9053239677315957E-6	0.19625049433918743	6.372679602359498E-7	7.822914190910502E-7	0.09487605134403097	5.491978339019799E-7	5.160551488712297E-7	4.794778213084725E-7	7.151256128798339E-7	0.4050337113067776	0.003972858480829919	0.05043400612054821	6.877180160069091E-7	9.98364378790611E-7
55	55	0.19873754462563323	3.1109183727672423E-6	0.18183974602752098	0.12305338022466225	8.376500436915596E-7	0.25672287763709195	4.897883895450422E-4	5.525736412927827E-7	5.134079297902025E-7	7.533816203245328E-4	8.979414268413987E-7	0.12837917215752354	0.11001639142875938	7.363841812620115E-7	1.0690133435002158E-6
56	56	0.36821582218550564	6.191376248619785E-5	0.13821998759846457	4.347014727745678E-7	1.2520015808662544E-5	0.16696197930646722	3.746259378133497E-7	3.5201822034825627E-7	3.270676200453613E-7	0.1555358722050398	5.720355070034929E-7	1.0937432451502533E-6	0.17098760060186916	4.691151180754789E-7	6.810172374981149E-7
57	57	0.2277103682828327	0.00850635131572356	0.19409246620144913	4.6800629448533566E-7	5.745107727068555E-7	0.36944047546926373	4.033280491438379E-7	3.789882326484455E-7	3.5212603243915807E-7	5.251845519607302E-7	6.158622289406877E-7	1.1775408075200882E-6	0.199599368388742	5.050565545505101E-7	6.459697384643951E-4
58	58	0.38294685716242294	0.0026007620168906394	0.13215140874114384	1.8694382029252607E-5	3.796459474227312E-4	0.37610607850762073	5.638313627267738E-7	5.298055816479515E-7	4.922536410328801E-7	7.341803334621681E-7	8.6094294838329E-7	1.8204747888045375E-4	0.10560959374119365	7.060424535580654E-7	1.0249660749606058E-6
59	59	0.10841428419428346	0.07475783167865314	0.2258610072757044	3.716415807718922E-7	6.194173021240077E-5	0.05553471548442809	3.2028089262837056E-7	3.0095275968521663E-7	2.796216137873414E-7	0.349719772695612	0.0017118358576669204	0.006159734058245592	0.176362454419344	4.0106301672452896E-7	0.0014147490459862882
60	60	0.2731399008197648	0.003306755970629123	0.24228297141228372	0.001068997178332087	2.159671870553814E-6	0.19507640938373094	1.5161704248594655E-6	1.424673416418925E-6	0.14635844469354786	1.9742472336506325E-6	2.315118175614159E-6	5.293736430647037E-5	0.13447909785026044	1.8985830827198842E-6	0.0042231968629408145
61	61	0.35886803079713014	0.015454879335123017	0.17548852309880403	0.20360623173174533	0.00324125740546057	5.074209312723891E-6	5.330496290736385E-7	5.008814469148956E-7	1.0279689906316724E-4	0.010967221933118484	8.139407447465232E-7	1.5562708618953622E-6	0.2321074466623015	6.674968667213817E-7	1.5446628839169285E-4
62	62	0.42822632125575827	0.003911760171606222	0.1214181557275955	1.2995416242132279E-6	0.001649929536057463	0.051431523139238045	1.1199455952863452E-6	1.0523597422023428E-6	0.15429939756192965	1.4583119793661855E-6	1.7101022159740153E-6	8.632702312731672E-4	0.23482122856982163	1.402421341238333E-6	0.0033703711242217844
63	63	0.11604775215091355	0.08726827008648269	0.4908276103588135	5.254535417821544E-7	1.5133803453299882E-5	1.879941245813647E-5	4.5283611442827935E-7	0.0035791522242655882	3.953491076489163E-7	5.896503661783258E-7	0.211739607339396	1.5810854747966937E-5	0.09048451023632667	5.670516796802887E-7	8.231923328303449E-7
64	64	0.3205417059699912	0.01111410563286712	0.25860659212587206	0.13661533806409093	5.234991216555069E-7	0.052459955742405036	3.675159622699774E-7	3.4533731364941327E-7	3.208602474509145E-7	1.2237453630464948E-5	5.611789216627261E-7	1.0729852384592659E-6	0.21894070468775204	4.6021184502393523E-7	0.0017057087347409428
65	65	0.3196916739314232	5.087199554127844E-4	0.23444288970178764	0.03612512475285624	0.0051355364908361794	0.005929039915011731	6.318084972610467E-7	5.936804699239763E-7	5.516011590915609E-7	8.226952309996428E-7	9.64740712213864E-7	0.20884408852905045	0.18931742249364533	7.911649671768802E-7	1.148538939786194E-6
66	66	0.26990578910543417	0.4058261961746164	0.16823062398268554	4.65220648548789E-7	5.710911956234895E-7	9.530825859224143E-4	4.009273781391277E-7	3.7673243600058817E-7	3.500301237666152E-7	5.220585721815153E-7	6.121965215864568E-7	1.6793349112135343E-4	0.1547322546442506	1.8009292953872116E-4	7.288295548657581E-7
67	67	0.23242716825224843	3.8552513408610154E-5	0.15974820999649605	6.456981568376567E-7	7.926400806812611E-7	0.13175769398528442	0.19675673729213788	5.228818632735933E-7	4.858206669432851E-7	7.245857613380445E-7	8.496917900008996E-7	0.0010698873051331946	0.2685282437180332	0.009668474047544586	1.0115713945493032E-6
68	68	0.26154645796694576	0.02956541307215886	0.2423996665056946	8.624974103151328E-7	1.0587764726598886E-6	0.019175662616950216	7.433006820486575E-7	6.984443864342845E-7	6.489395434676841E-7	9.609733621598269E-5	0.24550649905478497	2.170111618142541E-6	0.19228392245271866	9.307780162263348E-7	0.009419168146401658
69	69	0.18346344822775923	8.417886238361129E-4	0.19277960773413458	6.612866650236798E-7	1.9045989072247252E-5	0.011420042304760923	5.698971652125772E-7	5.355053284634014E-7	4.975493970989895E-7	7.420787818035401E-7	0.1494302457159821	1.663849488158218E-6	0.2661857198052428	0.19585439543953603	1.035992850298701E-6
70	70	0.14507134188371718	0.009694546622120308	0.27896806682476066	4.4950205186198093E-7	5.517955082901891E-7	0.08410035555877654	0.2730015973047719	3.640036260502901E-7	3.382035155520318E-7	5.04419569767048E-7	5.9151199211447E-7	0.02545942959264386	0.1836758844895199	2.527408312752653E-5	7.042042983082576E-7
71	71	0.2729644127740004	6.602535445671718E-5	0.190505479082974	5.748613806629682E-7	7.056829360964077E-7	0.1106614963444411	4.954158136823801E-7	4.1259505459890816E-4	0.2403512076113808	6.450945643263515E-7	7.564757470117958E-7	0.005485939450820333	0.17954814582970438	6.203709473204217E-7	9.00596234249407E-7
72	72	0.2762011090324738	2.456856386426732E-6	0.1258661848951288	5.38898888853786E-7	6.615364380659104E-7	0.33569565615331076	4.644233209858888E-7	4.36396561049473E-7	0.15887830758947058	6.047383867049229E-7	3.573374393208816E-4	1.3559121751779108E-6	0.1029637412864844	1.544107342639506E-5	1.570376822697569E-5
73	73	0.29547732429555923	0.004706717230599536	0.19532959919105722	6.028104286577697E-7	0.0023610353914404435	9.025223732445782E-4	0.25042453698439704	4.881516801612557E-7	4.535521146988753E-7	6.764582626822048E-7	8.390224758560917E-5	3.4760315828139045E-5	0.2483487342811764	6.505326140534396E-7	0.0023279961840115657
74	74	0.1695186035460704	0.0023015667607456307	0.20634971834594337	8.090819434106644E-7	9.932052153341067E-7	0.37406996396224573	6.972672070408517E-7	6.551889139400992E-7	6.087499634265871E-7	9.079308183598818E-7	7.149685785148036E-4	7.159395996341434E-4	0.24632242711526958	8.731338520508401E-7	1.2675336628014595E-6
75	75	0.2521370910139385	0.009156278510616768	0.20657777873611963	6.858482589830223E-7	1.710451613981895E-4	0.018992742815598387	5.910643586717565E-7	5.553951359197658E-7	5.160294404941235E-7	7.69641166905997E-7	0.0027808886855271954	0.0052591144391237	0.14244397354029417	7.401442303406561E-7	0.3624772289747921
76	76	0.18011306699198013	2.247608090661755E-5	0.4989668098270587	6.994731671119166E-7	8.586527028810513E-7	7.000760520248211E-4	6.02806311034671E-7	0.20747256282606294	5.26280765953435E-7	0.0023345314737842934	9.204557905689556E-7	5.962141428361273E-5	0.10353631614769579	0.006751261377392666	3.9670140072835544E-5
77	77	0.12589574748478133	0.07372361372508056	0.3277132200521243	6.85705614266792E-7	8.417520596278805E-7	3.648685002199837E-4	1.1403616467290367E-4	5.552796232235954E-7	5.159221151898136E-7	7.694810946969995E-7	0.34820210755359904	1.725289493451624E-6	0.1239605913136633	7.399902929903404E-7	1.9981785565164365E-5
78	78	0.2937088125519051	2.651534283933854E-6	0.05049095056311818	5.816004904738805E-7	7.1395566924219E-7	0.28013837339400377	5.012235817509494E-7	0.18474624019355682	4.3759384347693403E-7	6.526570189522027E-7	7.653439251498454E-7	4.3446124938170856E-4	0.19047331934171555	6.276435665606819E-7	9.11153939327632E-7
79	79	0.1233539604692713	0.01707046537683544	0.23320914801985537	8.219734260970708E-7	1.0090304206075723E-6	0.4552778772708719	7.083770930055217E-7	6.656283466936949E-7	6.184494625660471E-7	7.48866212945995E-4	1.0816572176296177E-6	9.272800651375779E-5	0.16994523021853006	8.870459038872454E-7	2.9593226330579785E-4
80	80	0.2221507965161079	0.005749943809636063	0.19436614030957283	7.1155029087717E-5	1.8413752456775068E-5	0.1628964980425021	5.509792789566087E-7	5.177290882717926E-7	4.810331140296864E-7	7.174452815089905E-7	0.023764630198947086	0.23187483943748785	0.1591036241658617	6.899487820131954E-7	1.0016027952145758E-6
81	81	0.12746876488790962	0.07683581032766153	0.3090915538951966	0.2233227018729743	6.001036338904044E-4	4.572738655291185E-6	4.803697470542813E-7	0.0032588336674979185	4.193873783216654E-7	0.09392503189351566	0.0038277957153947315	1.8583920195461377E-4	0.16009334213457216	0.0011840705680641207	2.0067970558768335E-4
82	82	0.2615083907895661	2.1814554579733525E-6	0.25212647019561996	4.784911030537049E-7	5.873816155636198E-7	0.15929312352479333	4.123638621988256E-7	3.874787574892563E-7	3.60014759760922E-7	5.369503327958544E-7	5.3405008814988325E-5	1.2039214141353652E-6	0.14048991802494257	0.1865217947794864	7.496194735416696E-7
83	83	0.34833030027334405	0.001800450969386589	0.2667952802782585	4.5929351739588613E-7	1.3228301394770763E-5	0.015074506429895763	0.286825678623715	3.719326865382771E-7	3.4557057439471334E-7	5.154072989921814E-7	6.043968482785054E-7	5.837219826452657E-4	0.0805733213424924	4.956540203768978E-7	7.195439215361185E-7
84	84	0.26848464998632143	0.014096114717436789	0.19174372995503905	4.4758259557459796E-7	5.494392401633809E-7	3.671813840935557E-6	2.506886905814887E-5	0.0017158408295592882	2.5019901486974353E-5	0.01956189242940737	5.889861273100193E-7	0.002728613362126784	0.24169914094315584	0.2598275789898188	8.709219478550737E-5
85	85	0.30986947908000884	2.5774625698089355E-6	0.23873575224060922	0.16636594651023712	1.2540569104811842E-4	8.258276375222888E-5	4.872216923222212E-7	0.001730832379493792	4.253694772776184E-7	6.34424773409548E-7	7.439637239680467E-7	1.42247340901849E-6	0.2825210120485232	5.618126702070318E-4	8.857004746952459E-7
86	86	0.37085839643038687	2.702124921899546E-4	0.355081272719306	6.91801012342389E-7	8.492345911656628E-7	5.675297827501535E-6	0.15720270431628763	5.602156340661411E-7	0.0030144670054468	7.763211926723379E-7	7.721280275971281E-5	0.010989292413180323	0.1024960585843414	7.465682403106009E-7	1.0837976032534308E-6
87	87	0.2993037005927609	0.002015989391515763	0.292883935908032	5.07142639427437E-7	0.21396782091224759	4.16042397803177E-6	4.370557699931408E-7	4.1068057178298183E-7	3.8157205919353596E-7	5.039884305539482E-4	6.673628111179844E-7	1.27601094300659E-6	0.19131538271905632	5.472911735440317E-7	7.945058872608949E-7
88	88	0.3229970803457455	2.5387566781732787E-6	0.2817219345053414	5.568632991721305E-7	6.835890202102697E-7	0.2189802234549759	4.799050584178292E-7	1.5805803782395038E-5	4.189816813555833E-7	6.248975830564457E-7	7.327915814050215E-7	7.844989601769543E-4	0.04646606117355201	0.1290274875716602	8.723998638554364E-7
89	89	0.3356516367329282	0.009485662448016829	0.22837285577080566	7.134678702507429E-7	8.758321891589695E-7	0.11212256057734488	6.14866952914578E-7	0.006197588267112252	5.368103236741447E-7	8.006351798923371E-7	9.388718015713694E-7	2.9689087989441217E-4	0.10543076062454956	7.69950380106739E-7	0.2024367942646507
90	90	0.3772532495785219	7.370900685936808E-4	0.12155609461617675	8.060070877175034E-7	9.894306128532092E-7	0.030343342506118292	6.946172949291241E-7	6.526989172487479E-7	6.064364545094765E-7	9.044802948763622E-7	0.004001508598443236	6.90994013641307E-4	0.4653664849940891	4.5319237258126385E-5	1.2627164954785694E-6
91	91	0.283253132668748	0.017879147291085744	0.4045146287801249	4.94906819309856E-7	6.075330663923507E-7	4.499949054230258E-5	4.2651093434488114E-7	4.007720900039795E-7	3.723658779040703E-7	0.16909410982196046	6.512613621859404E-7	1.2452246530107011E-6	0.12119640833636917	0.0028935882020542274	0.0011197868343119075
92	92	0.3203660321032424	1.2949059063249932E-4	0.1250694633215674	5.123802979910148E-7	6.289829952870654E-7	0.2666050845578617	4.415695866563386E-7	1.4543214580761496E-5	3.855128521935357E-7	0.12914729754153126	6.742551886680398E-7	4.367406707453495E-5	0.15862041624774045	5.52943477410888E-7	8.027113707692885E-7
93	93	0.13602462069326254	0.05576618264732821	0.35091375374248074	4.079812967579441E-7	5.008258495927039E-7	1.833407173644799E-4	1.1601209663143056E-5	0.2783269607293145	3.069634682899741E-7	4.5782605292051754E-7	3.428570725719102E-5	1.026513171507131E-6	0.1787354750073269	4.402796083933287E-7	6.391565547169889E-7
94	94	0.33091644531122577	4.141346802733958E-6	0.31380683184236996	9.083832505152677E-7	1.1151045815343064E-6	0.032995160785495595	0.09520676678591533	7.356024197469817E-7	6.834638630018458E-7	1.0193641753368359E-6	1.1953662589301972E-6	0.018662758606871832	0.19414774180396646	9.802964620831812E-7	0.014253515936341218
95	95	0.2773204366393289	0.0054672232211803555	0.11227413317659235	0.2864616595646687	0.0010257632719349876	0.004596300189192392	1.5234128202247981E-6	1.4314787517420573E-6	9.881509202115499E-5	9.76834424243132E-4	2.326176959554506E-6	0.06449082457665124	0.2469368540120778	1.9076521748836255E-6	3.439671114026832E-4
96	96	0.21161966881374897	2.9069074464858773E-6	0.28911746183462095	6.376152882059199E-7	7.827177886992404E-7	0.02120852246530587	5.494971613131533E-7	0.3265065942368528	4.797391494603839E-7	7.155153753391034E-7	3.6002059781645446E-5	1.6042904341421813E-6	0.151238664772252	2.6441062628018643E-4	9.989085139027033E-7
97	97	0.33511893924305397	0.006048627141478376	0.15531767704813085	3.881360987570946E-7	0.0019483137854151226	6.346259040832458E-4	5.384651018788294E-5	3.143099052904361E-7	2.9203202203091605E-7	0.2555096014919844	5.107588631382758E-7	0.013486004187644281	0.23187983252135785	4.1886334232001893E-7	6.080664324915453E-7
98	98	0.3948993409435308	2.3104703476067075E-4	0.2712555054221084	0.002359779783479068	9.212504453925431E-7	0.00654522028931075	6.467522674333873E-7	6.077224217761773E-7	0.14818485359435968	8.421539253781385E-7	9.875591192813898E-7	3.950597854940968E-4	0.17183970152412945	8.098778959981172E-7	0.0042846763067519045
99	99	0.41818405709890144	0.004455200653098165	0.17092202180004068	6.258526223115987E-7	7.682782857445408E-7	0.03044676514893292	5.393600902015255E-7	1.7763971444447446E-5	4.708889674840291E-7	7.023156160829458E-7	8.235765106301852E-7	0.26124046817282565	0.11465910836152315	6.753989696414267E-7	7.00091221715067E-5
100	100	0.1605455095515863	3.0407747627125757E-6	0.04920391479856245	6.669783996873071E-7	0.008258447798364444	0.6157045915796949	5.748023048766702E-7	5.401144554907294E-7	5.018318351097935E-7	7.484658991445231E-7	8.776950411285305E-7	1.6781703421958078E-6	0.16627714274853075	7.197805167901208E-7	1.044909703955661E-6
101	101	0.0524471085751451	0.0341217416855344	0.1787561269854016	4.715662744704141E-7	5.788808995110207E-7	0.1333355356115853	4.063960416031099E-7	3.818710796073575E-7	3.548045469003514E-7	0.36754030884227273	1.5665526550377186E-4	0.004539196230621267	0.22909988561591377	5.088983644721261E-7	7.387708154917202E-7
102	102	0.2848787437864242	0.4042011509324555	0.20431501544082387	1.8913432983484082E-5	2.9283684579786527E-4	5.430117329353761E-6	5.704380426286647E-7	0.0039976186100022975	4.980216107696408E-7	7.427830731714144E-7	8.710310258649161E-7	5.674625084736646E-4	0.10171839476037967	7.143154883627366E-7	1.036976089328756E-6
103	103	0.33101294248894636	3.390389003738226E-6	0.2589542481819637	7.436644962198775E-7	9.129006797393051E-7	0.02319803182807593	6.408904196635682E-7	6.022143215310944E-7	4.157090248537298E-5	8.345210520850724E-7	9.786083640812615E-7	6.338817713367021E-5	0.153426556072958	0.23329399411150326	1.165048596703807E-6
104	104	0.28118977482785296	0.010999298807518161	0.23775579753320103	4.2931369353168875E-7	0.1605806542156299	0.13897961433868106	3.699827470767E-7	3.4765523430037805E-7	2.3998668458907262E-5	4.817647165109036E-7	5.649455815630482E-7	1.080187166962509E-6	0.17046645188213874	4.633008090519653E-7	6.725765701297346E-7
105	105	0.3311659830470228	3.4963544305572547E-6	0.11054190295585084	2.5452591843465024E-4	0.06519586066651051	0.04800903768605334	2.1807505473370374E-5	2.1767620567268732E-5	5.77018061842765E-7	8.606037167516215E-7	1.0091944274722778E-6	0.031489193543531996	0.4132919488035454	8.276205885972776E-7	1.201461784594196E-6
106	106	0.3162353556102458	7.819167438383827E-5	0.15354855769814915	1.568675246245241E-5	6.122497385967405E-5	0.03356492312079819	1.561088230887921E-5	4.58578556758793E-5	0.20211981755439515	0.05260434064486208	7.224308829491997E-7	0.008645043672436264	0.2330632146128287	5.924514209465269E-7	8.600652899442899E-7
107	107	0.1645496952252026	0.12310569458385827	0.36905241914091413	1.354888865376854E-6	0.0025047490121904875	0.07114358287851026	0.003064645775455923	0.006426929357991565	1.0194128715422505E-6	0.007585496771356096	0.004223405238435134	0.008857607997475148	0.2394798149544104	1.4621502108184259E-6	2.1226122523270256E-6
108	108	0.3272903268006636	0.008229809560055163	0.12117784094445856	4.446957789332803E-7	0.012274778325698156	3.6481313890157604E-6	3.8323903565634484E-7	3.6011153975927677E-7	3.3458729534913006E-7	0.3142257540281476	5.85187286670023E-7	1.1188897089551374E-6	0.2167811769532103	1.2741871094820105E-5	6.966746373396068E-7
109	109	0.347842872142384	2.692950362717682E-6	0.19166114311537852	5.906848956351227E-7	7.251074180333185E-7	0.021634580799589243	5.090525264777405E-7	4.78332508102412E-7	0.26871081221510906	6.628513033254147E-7	7.772983413128917E-7	1.486209859123798E-6	0.17002709424981202	6.374471491725855E-7	1.1493754336329437E-4
110	110	0.23868000159036307	0.006971001182885695	0.18332188259637625	0.002073644805779108	0.08463248254147676	0.2663377723771226	0.008895811631409244	8.453955288341269E-7	7.854749772304994E-7	1.171510442257465E-6	0.007831199180613946	2.6266982664357214E-6	0.19626801365167165	0.004981125854200286	1.6355088866431368E-6
111	111	0.3924422700536114	4.7097204356347304E-4	0.1466421063877503	7.70590220223501E-7	0.01279232129113088	0.034470791419839795	0.23396384322819425	6.240185850060867E-7	0.0030603107666222268	8.647364027410119E-7	0.03278688139171433	1.9388658675775487E-6	0.12003381767554314	0.006736489372129411	0.016595998158825273
112	112	0.3542422410765728	0.0010599649536240832	0.2072525946641722	1.8162223658961759E-6	2.2295411987694538E-6	0.024253728927237185	5.1645447056246654E-5	1.4707642026578294E-6	0.00781388173530017	2.038117736307771E-6	0.21304367035640917	0.03516088823535331	0.1329202755637969	0.02419070904289763	2.8453520767028507E-6
113	113	0.3012593600733295	0.006335452941310814	0.2868288307455286	5.3288877232634E-7	5.9429318551362605E-5	0.019708744011559455	0.001793101622448905	0.05167849092067068	4.0094334486889576E-7	0.01040380130615056	7.012428485887591E-7	0.0027637733081657	0.31916597076118675	5.750755288574984E-7	8.348406029248628E-7
114	114	0.3242937924877709	4.887856097314601E-4	0.24923057097546472	7.432736759528849E-4	0.002241804853648718	0.18126206508227344	4.002752713490083E-7	3.761196821878792E-7	3.494608011588303E-7	5.212094459847968E-7	6.112007863725962E-7	1.168628036793297E-6	0.04563341957947755	0.19610213319753994	7.276441164859358E-7
115	115	0.24141595852378256	1.9570130545467832E-4	0.21365081694390564	0.18617852711181923	7.803169385003239E-7	0.16330962206244354	5.478116746817135E-7	5.147526408156326E-7	4.782676333545291E-7	7.133206568134576E-7	1.2352949994690225E-4	0.0073631804663305015	0.18775794779000052	6.859822359109492E-7	9.95844536388805E-7
116	116	0.31085808237444834	3.2393388583785456E-6	0.1168358044252333	9.41131695324493E-4	0.043475758905533665	0.17880340256125785	6.123371796244252E-7	5.75384196520467E-7	5.346017020979289E-7	0.11387012648289838	9.350089613337628E-7	1.787755695395169E-6	0.17337343774231018	0.06138283976968394	4.5173161671654293E-4
117	117	0.10824720201390509	5.973829036892269E-4	0.19625698204258557	3.789856343063449E-7	4.652316265309511E-7	1.8076058800136076E-4	3.266100014881479E-7	3.068999230082198E-7	2.851472497960439E-7	4.252878709069744E-7	4.987175177570593E-7	0.5734496102325181	0.12126437261998407	4.0898847075848404E-7	5.93731022072299E-7
118	118	0.320320510736603	2.56901239297457E-6	0.14586021259678444	7.82527587602851E-5	6.91735714462063E-7	0.2240138322301655	4.856243424689633E-7	4.563181550949858E-7	0.18824149859185227	6.323448202082061E-7	7.415246487707883E-7	0.016222935094214377	0.10525569052498433	6.081098444154137E-7	8.827967174414554E-7
119	119	0.3926596236399954	2.137909650399455E-4	0.18442646121427622	6.373351554695024E-7	1.8356151799910368E-5	0.03734950650324176	5.492557427864969E-7	5.161095631026334E-7	0.2037684342084441	7.15201017631956E-7	8.386866887364187E-7	0.012918330337633241	0.16864055413122184	6.877905308289108E-7	9.984696489937114E-7
120	120	0.240997165202563	0.004942625039594807	0.1913209287954058	4.665973073163502E-7	5.727811414674337E-7	0.0013804769328820427	4.021137833255533E-7	3.7784724466753525E-7	3.5106591622401585E-7	3.9121242550464814E-5	0.02566804402785289	9.123515364852862E-5	0.14699456558186083	5.03536023281254E-7	0.38856316408222524
121	121	0.10001401992801168	0.21351773798377469	0.4000627932710687	5.654590176530807E-7	6.306164782031842E-5	0.03996661890890423	4.873128527290655E-7	4.579047680782466E-7	4.25449064979108E-7	6.345434758839403E-7	1.5666287029326515E-4	1.422739557379154E-6	0.2462136158909636	6.102242353587182E-7	8.85866191486776E-7
122	122	0.392179965838159	0.004142335898028635	0.3239321346062913	6.470691157468663E-7	7.943230295466082E-7	1.1236141608580226E-4	5.576444744240279E-7	5.239920562350071E-7	0.13474463445351492	7.26124215946399E-7	3.755372876661589E-4	1.6280770110491517E-6	0.14348943696406496	0.0010177025871036028	1.0137191826465327E-6
123	123	0.3018552497074054	0.006475858235106144	0.31088363073864067	9.788986002280135E-4	0.004660474565777138	0.05200746444195678	8.988873491522544E-7	0.1782294017845737	7.847746680118823E-7	1.1704659537808088E-6	1.3725570725632023E-6	0.05930668839193688	0.08145384126461488	1.1256071787111787E-6	0.004143139977538237
124	124	0.20401155989207254	0.03288225149218784	0.37049947316251475	8.748140579882972E-7	1.0738960273651289E-6	2.0015254008651624E-4	7.539151749231011E-7	7.084183218039773E-7	6.582065390812191E-7	9.816936962328143E-7	0.2874387037612758	2.2011012766533258E-6	0.10491004855881879	4.9188036252866585E-5	1.3705116968965582E-6
125	125	0.33347352008173875	0.005081602281740827	0.19455963174416985	6.771277264201355E-7	0.004649913184363162	0.06225470858667157	5.835489995248194E-7	5.48333309481307E-7	0.025915873980701404	7.598552109458637E-7	8.910508165904838E-7	0.012735333820367246	0.14520720215713695	0.02675629078123024	0.18936246346581706
