0	0	0.15865747044265058	0.09644620138332259	0.17905452712367204	3.6987094837817744E-5	3.7029301587654023E-7	5.319385298495293E-7	9.865422698056665E-7	3.97541290301524E-7	4.8793203378546424E-5	4.914593955964069E-7	4.82877849507156E-7	0.5654040885730938	3.4778636192258386E-4	3.4185841792572654E-7	5.433063532207025E-7
1	1	0.240102058732106	0.1253508053505915	0.47345625172424227	2.6998107085082798E-6	0.15119939178596153	0.0012279099406687147	0.0017675449195759343	9.93658208947787E-7	3.220929048688758E-5	1.2284073999671664E-6	1.2069577444846368E-6	0.0032936981861219866	0.0031728730360703014	8.544783436511858E-7	3.9027372176928893E-4
2	2	0.3387324544071602	0.09153331513273377	0.4051162719248818	0.02920175492566713	0.0020521640808356667	0.0010695913567089817	0.0031866261384979806	3.5868453089040755E-7	0.10704155799398593	4.4342282691560865E-7	4.356800643185392E-7	0.02206360887191029	6.187338203783227E-7	3.084442528513774E-7	4.902021228711565E-7
3	3	0.3429132209721896	0.06648660225595066	0.3679788367120286	2.275326136632085E-6	7.80028808516836E-7	1.1205379519798103E-6	2.078168796801124E-6	8.374277820933356E-7	0.0023467302303278063	1.0352679374036145E-6	0.2143609383892401	0.005851809733982051	5.187033357072094E-5	7.201308233827512E-7	1.1444844736247191E-6
4	4	0.34973683520099674	0.2570528273309868	0.1854566751186834	0.003126169307949132	7.921723609707253E-7	0.00184472664055494	0.0034844446536319365	0.16431068960705875	1.962302434401779E-6	1.0513850735457973E-6	1.0330264674289388E-6	2.458845405228301E-6	0.03497844076461589	7.31341879092397E-7	1.1623019017586231E-6
5	5	0.3729243392664426	0.15326847639983907	0.24898982603481382	1.9015167679611013E-6	6.518792339294956E-7	0.22200184606788229	1.7367500641556859E-6	6.998482300932832E-7	1.614780154799024E-6	8.651855708119925E-7	2.9583989742248983E-4	2.97013204902892E-4	3.172677645905919E-4	0.0018969649449720426	9.564591124900496E-7
6	6	0.4596337304441915	0.08689215936626085	0.2408159473310283	0.09502957240769652	8.279139882737017E-7	1.1893266437166811E-6	0.005702229549065008	0.0027304777003164886	0.005702074642160709	1.0988219891742825E-6	0.021356098392172045	2.5697848174057396E-6	1.5332506267362388E-6	0.08212927632582516	1.2147432181096396E-6
7	7	0.3329602379397879	0.23673198098436293	0.22786901968618323	1.153034709621178E-4	5.857277512489304E-7	8.414178651301056E-7	0.008161462013523966	6.288289436021795E-7	0.1941540957875311	7.773881609174558E-7	7.63813911667311E-7	1.8180563483789116E-6	1.084735195224575E-6	5.407500379210871E-7	8.593994346826148E-7
8	8	0.2162927874230897	0.15147674333456576	0.19343380876738142	0.0029195825981538134	3.587993782627336E-4	0.4305198192005955	0.003213885274707337	4.2514681721278205E-7	0.001780197692469758	5.255866570958024E-7	5.164092028398115E-7	1.229175084720302E-6	7.333818210189895E-7	3.655972898017294E-7	5.810339013290155E-7
9	9	0.3047558917725022	0.22890180653254957	0.3843745439289725	2.2431456776846315E-6	7.689966823322959E-7	1.1046899269506927E-6	0.0010460129673105245	8.255838490723748E-7	7.647376435384373E-5	0.06529849511460938	1.0028043963069576E-6	4.7465642454809596E-4	0.0010453883295865518	7.099458481277458E-7	0.014020075999186884
10	10	0.5006855685826818	0.11572657529348082	0.13258590792509764	3.0807282217380865E-6	1.0561372831252802E-6	1.5171771802799758E-6	2.8137826743893888E-6	1.1338538948008547E-6	2.616174034650277E-6	1.4017239552923081E-6	1.3772479582220919E-6	0.020997865154173706	0.22998656158218042	9.750370793975798E-7	1.5496001036825654E-6
11	11	0.24723146063634724	0.1193201375733896	0.308489917403038	9.10947206365561E-4	4.1233405011492955E-4	7.625750019163175E-7	5.288968541104589E-5	5.69906169984066E-7	0.007207871073985569	0.005474255497467059	6.922427242061766E-7	0.31089591010494416	9.830929171549873E-7	4.90080468091986E-7	7.788716554629387E-7
12	12	0.26186164887537683	0.27727835876503404	0.18599264623795594	0.025482992562316235	6.096909473812163E-7	8.758418125840703E-7	0.001223461377214639	6.545554885320834E-7	1.5102748962521562E-6	8.091925357848931E-7	7.950629391119292E-7	0.002268203049203796	2.0836162508011474E-5	0.24586570379272976	8.945590411130139E-7
13	13	0.2288761470985544	0.05988877553594446	0.4237349810988092	0.0033929125416474583	1.0281975751476465E-6	1.47704083811628E-6	2.739345129677089E-6	6.757274671206525E-5	2.546964150940371E-6	1.3646418840484743E-6	1.34081339012158E-6	4.68473669926743E-4	3.5138608926604724E-5	0.28352399309048554	1.508606025478183E-6
14	14	0.21798506864962194	0.18267038435426813	0.1625334875869606	0.0012655755395997888	5.507648536351339E-7	0.4338269863780406	0.001212029190584889	5.912932763491333E-7	4.99830944669488E-4	7.309847890123685E-7	7.182208054286617E-7	1.7095340565309533E-6	1.0199858547880821E-6	5.084719220725919E-7	8.081006966936868E-7
15	15	0.1968046717191416	0.16165627563583831	0.4316854790945449	0.01032051887185564	5.67037372547135E-7	8.145684995123679E-7	0.006269808712992286	6.087632201162869E-7	0.19303565765740383	7.525819619711735E-7	1.290379379459227E-4	9.340182640296941E-5	1.0501216541268833E-6	5.234948831666728E-7	8.319762831312713E-7
16	16	0.08696030964172476	0.13290856137852358	0.48976026407332246	4.6503343080826225E-5	6.882959622812803E-7	9.887605938518253E-7	1.833772260920651E-6	7.38944709251171E-7	1.7049885970755098E-6	9.135184924119338E-7	8.975672233625292E-7	0.005341608366838781	0.004161613243911085	6.354420921851671E-7	0.28081273866266715
17	17	0.21616475590499604	0.056714996139341806	0.36531222169861366	1.0498895943512079E-6	0.0032112951593302906	4.542361522234042E-4	9.589165086884724E-7	3.8640909550742327E-7	8.915729328572553E-7	4.776972484719645E-7	4.6935600809442383E-7	6.991465764583657E-4	0.35743825414980357	3.322854890421235E-7	5.28092355820991E-7
18	18	0.20328180009240296	0.15641640997017825	0.22768316098047453	6.563342386994471E-4	3.685857276484561E-7	0.40785761009242366	9.819936773895779E-7	0.0013943104840596398	9.130294192087385E-7	0.0011680417406114637	9.579106348597167E-5	0.001442714044992782	6.82600253078704E-7	3.4028223142592323E-7	5.408013625745752E-7
19	19	0.21426421047163854	0.08761992427788376	0.38844832826181586	0.0011674905869373863	5.549139449505423E-7	7.971527828340419E-7	1.4784131466871878E-6	0.3067145920298628	1.3745859344620388E-6	7.364915358931274E-7	7.236313970571608E-7	1.7224125342706505E-6	1.0276697409765503E-6	5.123024069375504E-7	0.0017765267984375978
20	20	0.30261152963914445	0.042170410661589705	0.48040139243129654	4.21707862496116E-4	0.17435682606505506	1.0966486350021575E-6	2.6709218861597327E-5	8.195742344317203E-7	1.891027443147986E-6	1.0131965351189007E-6	9.955047525596505E-7	2.3695349188936585E-6	1.4137724197214297E-6	7.047779890813579E-7	1.1200846286055335E-6
21	21	0.36941954422867124	0.11240430292438763	0.3235858497315614	0.007623671693710235	3.885072126369167E-7	5.581038438891952E-7	0.0050994709855411375	0.005588604245796531	0.0016711396602736297	0.17437707016161466	5.066299371378966E-7	1.2678313746347333E-4	7.194937344991145E-7	3.5867395648929004E-7	1.0103182229539157E-4
22	22	0.21902801109795778	0.26443176729398166	0.28655868175108495	2.0038584703507122E-5	0.002003977551690471	8.168591675035799E-7	7.918505898313656E-4	0.004227987094769254	1.4085670228671266E-6	0.20668271160158952	0.006066107974515716	8.656202145037392E-4	0.0014714449424247128	5.249670159254906E-7	0.007849050909741037
23	23	0.20350377604231515	0.21911091608620445	0.30626838251829724	0.001235971058513411	3.322446091079517E-7	4.772806975604431E-7	8.851729218391155E-7	3.5669306451228844E-7	8.230082711677622E-7	4.409608817380432E-7	4.332611080352747E-7	0.0021381215223576916	6.152985241941527E-7	0.26773798137178134	4.874804525394108E-7
24	24	0.43665941025645216	0.13412428849145508	0.27137271731006796	1.5088478239094068E-6	5.172642072575042E-7	7.430676522510431E-7	1.3781059410723197E-6	5.553274611274434E-7	6.81594752885454E-5	0.00103729787973776	6.745345370240667E-7	1.6055504861916987E-6	6.864590035770966E-4	0.15604392593788974	7.589474228441072E-7
25	25	0.08820405869209982	0.0866450376123494	0.5877237903247948	2.018385930091308E-6	6.919443972575636E-7	9.940016949645257E-7	6.951810663684526E-4	7.428616169050179E-7	0.2240839447559909	9.183607594043924E-7	9.023249378207511E-7	0.012638784172116292	1.2814425118893574E-6	6.388103658371685E-7	1.0152440661501586E-6
26	26	0.3109652226370422	0.0982151991405477	0.23003843046800115	1.8033313412430384E-6	6.18219241111951E-7	8.880929970103099E-7	3.4135312477032723E-4	6.637113428107853E-7	1.5314004648450908E-6	8.205114370405757E-7	0.36042892772905394	1.91890757027816E-6	1.1449076260587805E-6	5.707465240668732E-7	9.0707204019044E-7
27	27	0.15670172709985244	0.081714929516659	0.18368197886089063	1.2358503011753254E-6	4.2367501625848827E-7	6.086235916414264E-7	1.4823217021968312E-5	4.5485144307467693E-7	1.3799402523673618E-4	5.62308924263149E-7	5.524902495298979E-7	0.5777429120868025	7.846225494574694E-7	3.911412437254109E-7	6.216302175973728E-7
28	28	0.3992034066896108	0.22564383992536668	0.16720806834494953	2.140106741232001E-6	7.336728061028621E-7	2.3819910715184358E-4	2.5669182299255567E-5	7.876606403360198E-7	1.8173922802682008E-6	9.737434366654396E-7	0.19396198406662352	2.5991783158370212E-5	0.011526613554368924	0.0021586983011770006	1.0764693895113762E-6
29	29	0.15026367944272326	0.32587341841859585	0.20266530969218435	0.2947220853405485	4.722141793506706E-7	6.783517527147928E-7	1.2580827300462864E-6	5.06962394938419E-7	0.003496484976341707	6.26730954204953E-7	6.157873836531209E-7	0.019416491895498326	8.745143779401856E-7	4.359531110593191E-7	0.0035570616372240797
30	30	0.3335191773696307	0.0388936202442974	0.2587336737108923	1.402287570297755E-6	4.80733150754553E-7	6.905895453009815E-7	1.280779148895293E-6	5.161082409002298E-7	1.1908315393222334E-6	6.380374827046722E-7	0.3688282589467865	1.4921607431812929E-6	8.902910388363084E-7	4.4381791531330136E-7	1.624409201761503E-5
31	31	0.25254197162488967	0.06242359326713193	0.36263546489565707	1.6942483660346863E-6	5.808233435255115E-7	8.343725163864828E-7	1.5474414993255536E-6	6.235636415550494E-7	1.4387665072798612E-6	0.322068069331883	7.574183553023474E-7	3.2096016794397694E-4	1.075652505087425E-6	5.362222369815476E-7	8.522035229028296E-7
32	32	0.17120728628286574	0.13709927612167577	0.42575008129491654	0.012862920575089304	7.593144534828036E-7	1.0907810754221973E-6	0.004763429279691173	0.0017433917210736812	0.013917949833583984	0.21207993471044523	0.009646519432546147	0.009525169453859957	1.4062081063757937E-6	7.010071123305093E-7	0.001400083983504833
33	33	0.30836408010983724	0.16720221835645	0.36855570595494486	1.2564812835054203E-6	0.15371107032903372	0.0020473093651861723	1.1476069980062871E-6	4.6244462169507083E-7	1.067011911578612E-6	5.716959717635581E-7	1.1194623482219615E-4	1.337009672980793E-6	7.97720846183421E-7	3.9767085987729906E-7	6.320075602438954E-7
34	34	0.18782578216028797	0.0567119540079549	0.19100236164134324	1.1741078433320677E-6	4.025084260932364E-7	5.782170639142452E-7	1.0723712283742409E-6	4.3212729434705605E-7	9.970598613439567E-7	5.342162539630431E-7	5.248881152681923E-7	0.5644524790972149	7.454232025489683E-7	3.7160002443007367E-7	5.905738853962967E-7
35	35	0.5249161217934342	0.125100449954304	0.024301326941135622	0.00136983376207473	2.7682703656090783E-7	3.9767146701980364E-7	0.32420047344875036	2.971975505513245E-7	1.0806034148132273E-4	3.674097059349575E-7	3.609942352910547E-7	8.592509918632588E-7	5.126682642354745E-7	2.5556963998838095E-7	4.0616992829523576E-7
36	36	0.27347176930943917	0.17238572444705616	0.36949139001259984	0.03449872325817352	0.062194223839220554	8.81120555464729E-7	0.07880928528328805	0.008624892021736103	1.5193773994004211E-6	8.140695801049788E-7	4.0451503197011236E-5	2.172966636301343E-5	1.1359189260863023E-6	5.662655780513136E-7	4.568939068874617E-4
37	37	0.09802581419085962	0.22719527364077727	0.4115829194740066	0.0031272697576406995	7.235843996025559E-5	4.004303805824641E-7	3.1609129921496705E-4	0.005676575035039743	0.07190018364791648	3.6995867337371656E-7	3.6349869430907403E-7	8.652121920291809E-7	5.162249876734032E-7	2.573426979129342E-7	0.18210074184695843
38	38	0.38775543583009253	0.049684105168212964	0.2768668413072471	0.017025245774958033	5.049631203725012E-7	7.253967219536663E-7	0.014429931299828554	5.421211900321071E-7	0.24897596842661487	0.0020245894944198746	2.2916551096839865E-4	1.5673688069805738E-6	1.7257093420570847E-5	6.575390658514801E-5	0.002922366337812614
39	39	0.3950049946229099	0.16963251182792097	0.29166071525573367	6.934351597638337E-4	4.978689632413134E-7	7.152057236007733E-7	1.3264327330052596E-6	5.345050043126485E-7	3.341852950379951E-5	3.284603101181458E-5	0.14179277066260537	1.5453490591006887E-6	9.220256098268813E-7	4.596378781411959E-7	0.0011433068855794624
40	40	0.17594643700202373	0.13084908002013007	0.49662581271507245	1.5594832192166798E-6	5.346230669103777E-7	8.820800670799802E-4	1.424353772030313E-6	5.739636847900231E-7	1.741306099162601E-4	7.09561126109043E-7	0.0020398113558263214	6.064814350303787E-4	9.900921641838439E-7	4.935696543126742E-7	0.19286988114823325
41	41	0.19022103562567724	0.1635442895960635	0.44924529851826067	8.493338761632135E-5	6.424174398944603E-7	9.228545337757407E-7	1.711541757858951E-6	6.896901832277454E-7	1.5913421981326156E-6	8.526277115536732E-7	0.19593812908431663	1.994017019714471E-6	1.1897213433949643E-6	5.930865564135783E-7	9.561264893216825E-4
42	42	0.19909431237762673	0.08061605949582847	0.5614769569888769	1.2173948870632731E-6	0.004249751265015044	0.004425302787937129	1.1119074434862912E-6	4.4805897659760895E-7	0.003629830085034473	5.539117550863404E-7	5.442397062899534E-7	1.2954182137118438E-6	7.729054878860797E-7	3.8530018544967113E-7	0.1465014578630257
43	43	0.2887939812868851	0.18016030541343636	0.18997204825193123	0.3117131354429184	1.0972644367602056E-5	4.7302376502393523E-7	0.017615643198682866	3.5351166974893373E-7	0.01172980179744827	4.370278906609E-7	4.2939679230445623E-7	1.022065129081712E-6	6.098105915777792E-7	3.0399594479101863E-7	4.831325469778962E-7
44	44	0.35885172018429395	0.058384406796617695	0.32629039423549283	0.25629649635972535	5.177056530244499E-7	7.437018041313359E-7	1.379282049965132E-6	5.558013909945091E-7	1.2824166977860304E-6	6.87108037211994E-7	6.751102010886784E-7	1.5221118265121227E-4	9.58762055246513E-7	4.779513193766294E-7	1.7493402010177463E-5
45	45	0.24421502715061963	0.03948123718412992	0.523063714781068	1.331448315244103E-6	0.15138893786582566	6.557030855097317E-7	1.2160781255690088E-6	4.900360399574089E-7	1.130674392580878E-6	6.05805791482087E-7	5.95227602587296E-7	0.041843121615304256	8.453162738109614E-7	4.2139759927671023E-7	6.697158265347454E-7
46	46	0.2688643348160801	0.10410406232732027	0.3489677566293669	0.0060516698747804226	5.537716820588639E-7	7.955118832835528E-7	1.4753699063948923E-6	0.27015879897152223	0.001111145073578269	7.349755045171977E-7	7.221418376405463E-7	1.7188670333151203E-6	1.0255543336765538E-6	7.343936027545264E-4	8.125124163740866E-7
47	47	0.5338845721714733	0.11079174283215394	0.19897583983641998	9.746201687295065E-4	0.13059763589438683	0.00602568420933506	0.0015436910769227289	2.450682609814222E-5	0.004176364552698469	9.739282065546534E-7	0.0055037686335276175	0.007497486754374458	1.3589790228152935E-6	6.774629986714782E-7	1.0766736518687416E-6
48	48	0.34448974693722884	0.09885636063101585	0.13774292457426793	0.0016271770431053733	3.1445470326405514E-7	4.517248918740647E-7	0.009179041443650473	3.3759407581874195E-7	0.4033741905984744	4.173498061873409E-7	0.00337489911816242	1.114016819538909E-5	5.823526087113046E-7	0.0013419546313084535	4.6137850501737153E-7
49	49	0.3371166517639305	0.09715985819259063	0.3194786916934819	1.9645368714250303E-5	5.57473720277887E-7	8.008299872802279E-7	0.24605407994263997	5.984958197060682E-7	1.3809267936031161E-6	7.398889146750671E-7	7.269694530082398E-7	1.639034338619842E-4	1.0324103024123328E-6	5.146656185190054E-7	8.179441712223382E-7
50	50	0.21803887706927624	0.0538075557470661	0.4111267178914264	9.062770321400795E-7	1.0353143454069997E-5	4.4631747210698527E-7	1.414220894850155E-4	3.335528708471547E-7	2.6187339328135445E-4	2.049725980398303E-5	0.3165686499224542	2.1049266617693995E-5	5.753814962833587E-7	2.868327378922213E-7	4.5585552567083593E-7
51	51	0.39019098129072416	0.06306401336266271	0.28673410406770256	0.2557443666622558	5.288834989906402E-7	7.597591605901522E-7	1.4090622971159454E-6	5.678017666906916E-7	0.0034545220327918567	7.019434707391691E-7	6.896865878711819E-7	5.828753066528841E-4	2.2321587396533787E-4	4.882708246710346E-7	7.75995638035512E-7
52	52	0.4520000926853681	0.11222807981514937	0.2530914611561549	2.564038774922995E-6	0.11242758109943825	0.05259207029671295	5.916607576176112E-5	9.436877069690487E-7	2.1773980643464677E-6	1.1666314956793553E-6	1.1462605310807549E-6	2.728369048527159E-6	0.017588721272325348	8.115071173505191E-7	1.2897063504112577E-6
53	53	0.3523817109086809	0.13514521547529357	0.290299567837364	2.0314511530950335E-5	5.76461886947032E-7	8.281071354560132E-7	1.5358216169942416E-6	6.188812440982719E-7	1.427962675584698E-6	7.650903430428471E-7	0.22214320407117724	1.789295779357956E-6	1.0675753302514494E-6	5.321956942657978E-7	8.458042472838312E-7
54	54	0.25170165004093553	0.050715611128129605	0.454222939054793	1.548830840498979E-6	5.309712114048028E-7	7.62758230582627E-7	1.4146244234738895E-6	5.700431049048087E-7	0.21820648082096475	0.0013050615321060176	0.0033645599917667326	0.01381753281074461	0.006660068135726236	4.901982227919528E-7	7.790587998281463E-7
55	55	0.25526116855150316	0.047963507944656175	0.41494696984201695	1.5508537071052315E-6	3.4423176641722137E-4	0.14777462249125353	1.4164720083952438E-6	5.707876156227544E-7	0.00436630828676124	0.0021488312705022295	1.7878318468E-5	0.12569277744950413	0.0012726749898020638	2.0671089948648286E-4	7.800762976653999E-7
56	56	0.19144017317923367	0.11542942804148161	0.5082075959878388	1.492601720997708E-6	0.1846145782373077	7.350668761903093E-7	2.990745377469155E-4	5.493481258093242E-7	1.2675268915300323E-6	6.791302047580901E-7	6.672716723850109E-7	1.588263164027549E-6	9.476301187450086E-7	4.7240195109594284E-7	7.507756657320168E-7
57	57	0.2601184727708347	0.14433624830274192	0.38760527560203417	0.20106679147769105	3.955557834225788E-7	0.006789697924919963	1.05384785475559E-6	4.2466303653015956E-7	9.798373624152657E-7	5.249885844737044E-7	5.158215733750064E-7	5.236999631761883E-5	2.630365725974871E-5	3.6518127138346923E-7	5.803727344896292E-7
58	58	0.18313565503159412	0.11062053306613025	0.5177503738958006	1.9809574329769034E-4	5.526143696104352E-7	7.938493645321891E-7	1.9334448376337494E-5	5.932788902703522E-7	1.2640402225975753E-4	1.859560130467874E-5	7.206326529615367E-7	0.022347279693592157	0.0066457476027288005	4.1133990094292073E-4	0.15872398061869536
59	59	0.3098028331744283	0.09933507607184044	0.13373612204418353	0.01694488577019528	3.002341671025207E-7	4.3129660731262766E-7	0.005280033244423057	3.2232711140934366E-7	0.43401389317776745	3.984760607820678E-7	3.915181295435884E-7	8.743344820342778E-4	5.560169672183262E-7	2.771793497912919E-7	1.0144986734512532E-5
60	60	0.2740647190476347	0.09699978526607239	0.43399149818798344	4.337792668574385E-6	1.4870849468065794E-6	2.136248177657766E-6	0.0014459739328074757	1.5965131482214234E-6	0.006636938929485752	0.027640537219904584	1.9392220494589087E-6	1.4881700459102668E-4	0.1590086116900113	4.9439959524696574E-5	2.1819009939098124E-6
61	61	0.198412895566951	0.21228885890798374	0.3753932326967616	0.0012010868132041272	0.17638683846655898	2.0349376811687074E-4	0.006421584158280953	5.61163308500567E-7	6.60209186384157E-4	6.937366939101859E-7	6.816231124710312E-7	1.622422959179504E-6	9.680114078596322E-7	4.825622030266747E-7	0.02902679091607362
62	62	0.15344048691273363	0.2063266959914281	0.6244669249880282	0.013873761818158456	1.4076490060327514E-5	0.001174856382424383	1.1254346554176955E-6	4.535099597434724E-7	4.243223986694833E-4	5.606505189522028E-7	5.508608022198326E-7	1.311177975748995E-6	2.738636000685157E-4	3.8998765948028387E-7	6.197968573040803E-7
63	63	0.5280455136105122	0.14614966383966374	0.03432967894076352	1.2968735740126465E-6	4.445950549451401E-7	1.500932796423195E-5	0.052597770908814775	4.773108976581309E-7	2.9842617350955665E-5	5.900743671096954E-7	0.0369762674298061	1.379990721589289E-6	0.20180788974479044	4.1045484409520086E-7	4.376428087456633E-5
64	64	0.29616589351793543	0.19141118878259553	0.35490463347766804	1.993699531633089E-4	0.1485399327422076	5.184603049676374E-7	0.002182450584240194	0.0014586020666201578	0.005110477969243343	4.790068284623044E-7	4.706427210460107E-7	2.445167368966181E-5	6.683862601827476E-7	3.331964309178028E-7	5.295400911480142E-7
65	65	0.25214938094325473	0.1783286890205337	0.4157884503353994	1.1816717958588492E-6	4.0510150529280844E-7	3.986424655179003E-5	1.0792797633172403E-6	4.349111871202204E-7	0.1536471902545554	5.376578342292509E-7	5.282696008858108E-7	1.2574056152624347E-6	7.502254409025087E-7	3.7399398249764194E-7	3.987668297959751E-5
66	66	0.2275803281063721	0.1463249670982973	0.15575454230313354	1.1470661745969125E-6	3.9323798336232653E-7	5.648997571709319E-7	0.02192689597896793	2.800561820634857E-4	9.740959039590325E-7	2.5943185758060527E-5	5.1279906346881E-7	1.22058210585238E-6	7.282548585801369E-7	2.7999704883789936E-4	0.44782172916072277
67	67	0.25246355925438996	0.10588657928175498	0.4943163601211766	0.006939764480410902	5.448001292381356E-7	7.826239420766984E-7	6.353964199789423E-4	5.84889633473335E-7	1.3495328447919736E-6	0.13975036587940687	7.104425510024813E-7	1.6910199857307042E-6	1.0089395171859408E-6	5.029652255963054E-7	7.993490526681344E-7
68	68	0.28535022717869857	0.1499112248710191	0.3165384584568257	2.1191505604711394E-6	2.4208789338423165E-5	6.820303471880625E-4	0.0013404266682675782	0.0046737577958383915	0.004134684527110093	9.642084246586476E-7	0.20730269834047652	4.921956925804341E-5	1.3454164423148894E-6	6.707019329734273E-7	0.029987963978619105
69	69	0.27853472011202646	0.11105449333118778	0.3793399199179647	4.536600797051509E-4	5.593888741370815E-7	8.035811710309773E-7	1.4903353450750178E-6	6.005519015214593E-7	0.23039119774638722	7.42430740520434E-7	2.177030773884981E-4	1.7363023890688668E-6	1.0359570607670612E-6	5.164337087619142E-7	8.207541493058632E-7
70	70	0.36754472365060253	0.05340802454634426	0.31989265964050206	0.010881864867852274	3.8036796146363584E-7	5.464115323479087E-7	1.0133841470798946E-6	4.083576079113247E-7	9.422153732224416E-7	5.048310403658334E-7	0.22154988729862563	0.023238047977676233	0.003480087202368753	3.511597139573012E-7	5.580886518629404E-7
71	71	0.2282469265738931	0.09676229876728273	0.4208796719098351	1.4155066832425295E-6	4.852649357826213E-7	6.970996088508392E-7	1.2928528237856464E-6	5.209735005464665E-7	1.2020572942600438E-6	0.008752999678835176	6.328061253795466E-7	0.00641676330828459	8.986836524808825E-7	4.4800170705025233E-7	0.23893374651553792
72	72	0.19163612605206776	0.03172126419866319	0.5867029236134068	2.013118022582072E-6	6.901384497269433E-7	9.914073898244476E-7	1.8386810538732538E-6	7.409227774434088E-7	1.7095526512865766E-6	0.1894572779256571	1.347440970419412E-4	2.142139564176473E-6	1.2780979975770072E-6	2.2944497618786572E-5	3.133155576378717E-4
73	73	0.2364427577119501	0.16428314620244505	0.36144689643031835	0.022495164553582445	1.4892887816629632E-4	7.329091669245158E-7	1.3592658409301949E-6	0.21436660246848166	1.263806203512268E-6	7.427705641075584E-4	6.653129686031609E-7	1.5836009893920897E-6	3.392677856046308E-5	4.7101526629204926E-7	3.373050195239323E-5
74	74	0.31368044271273643	0.11534412254913755	0.4388132978486317	0.009831690743386044	0.0023916912907214717	2.312287067742164E-5	1.8248001496927727E-6	7.353292689568974E-7	1.6966465866409397E-6	9.090489136658093E-7	8.931756895095396E-7	0.0024595491735257273	1.2684491485826377E-6	0.11744775041156784	1.0049498587439826E-6
75	75	0.24938900735886502	0.10567370460174123	0.207071359176428	0.004695688124182917	4.335364474144971E-7	0.4248529568944811	4.91617194305998E-4	5.651825654435384E-5	0.003420295818446304	5.753971889288362E-7	5.653499753835015E-7	0.004345439061360581	8.028853710967002E-7	4.002454209821611E-7	6.360992406931108E-7
76	76	0.48044122438407805	0.14061828880099392	0.14495143326730342	1.7785596545984967E-6	6.097269951401733E-7	8.758935964176341E-7	1.6244472025038923E-6	6.545941888909718E-7	1.5103641907146257E-6	8.092403790038307E-7	7.951099469235227E-7	1.8925482562998404E-6	0.003134735203197081	0.23084287324808542	8.946119315960126E-7
77	77	0.40193678902590135	0.09522355366627032	0.22369968886210093	3.9073450485468424E-5	5.783261249584043E-7	8.307851768571223E-7	0.03112579075689696	6.208826633870363E-7	1.432580608459227E-6	7.675645924805473E-7	0.24794793228962222	1.7950822385862198E-6	1.071027795289855E-6	5.339167784609618E-7	1.9541782744272442E-5
78	78	0.08574707015655486	0.05264571774790584	0.6654545392388522	1.4336082906243837E-6	4.91470540777432E-7	7.060141717948702E-7	2.872539477859088E-4	5.276357493898557E-7	0.194872436338007	6.522883353664096E-7	6.408984983552877E-7	1.5254888210374146E-6	9.858303336109941E-4	4.537307870351291E-7	7.211020888231395E-7
79	79	0.3418682322404077	0.08105686392922662	0.3368315973231128	1.8624159155209184E-5	5.284950077710029E-7	0.2229280542388879	0.011668790595149973	6.667868870999093E-4	0.0018291421369722569	4.960954168312749E-4	6.891799787895962E-7	0.0024444452522510807	9.787433397296096E-7	4.879121654794515E-7	1.8868349041349316E-4
80	80	0.27499681937373144	0.1091797627990653	0.43814272094754747	1.5699280163136461E-6	5.3820375914767E-7	3.5565882925865065E-5	0.0017062779033369488	4.00694259146982E-4	1.3331928741940673E-6	0.13731024257305788	0.005689313995789416	0.032532877671318135	9.967234069152603E-7	4.968753871535221E-7	7.896706368604221E-7
81	81	0.32888376103498124	0.187085150153643	0.10011499711499282	0.001997314084371057	4.713723949447928E-7	0.0022861035950702165	0.2706262201769572	0.0014327066356107658	0.09774123893208714	9.204267182593277E-5	0.004967608179911956	0.004374245718220744	8.729554400720381E-7	4.35175966817085E-7	3.9683219852608415E-4
82	82	0.31322233759916174	0.08921471510280796	0.3848238101549626	1.18103774610676E-6	3.966611087125122E-5	5.816298577715983E-7	4.32952194698512E-4	4.346778267816384E-7	1.0029447789338546E-6	5.373693431120925E-7	6.94142991733745E-4	1.2567309290073961E-6	0.21133084624197357	2.35941153696388E-4	5.940596125637891E-7
83	83	0.2993499494200092	0.0873094704594962	0.3298838969335065	1.1310934192269367E-6	0.2518639367514095	5.570335975459036E-7	1.0330840103581155E-6	4.162959490306872E-7	5.109510232588147E-5	5.146447941160436E-7	5.056583995941924E-7	7.657557871103585E-4	0.030770810812109587	3.5798614633609054E-7	5.689377165246553E-7
84	84	0.2520043591920425	0.15138387688010316	0.3065533238885673	0.006402020086775513	0.0022630842891375245	5.571402089796897E-4	0.009499539077266457	0.2412633618827641	0.02733494739499866	4.968411453525887E-7	4.88165626630019E-7	1.1619487456280357E-6	6.932715262393444E-7	3.456019549784424E-7	0.0027351612703662583
85	85	0.25789513298957123	0.160992347697513	0.38083119483171324	1.3939053289643171E-6	4.778595452459817E-7	0.0014989349395308875	1.2731232299894465E-6	0.19832536310305807	3.564385070433673E-4	6.342235829931642E-7	6.231491810036757E-7	9.41584048693669E-5	8.849692813718686E-7	4.4116497239841153E-7	7.011315789057689E-7
86	86	0.3427371963045063	0.19498379664174106	0.24638223717893765	1.70539025765319E-6	5.846430141669562E-7	8.39859603364642E-7	1.5576179444189097E-6	6.276643853720299E-7	1.4482282726324609E-6	7.759484788067194E-7	7.623993683544038E-7	0.022622031361505972	0.19326503920551508	5.397485972057356E-7	8.57807871993225E-7
87	87	0.29643704675595334	0.2939324362843553	0.1634372039148114	6.942585567301592E-4	4.288014480966025E-7	6.159878855881681E-7	4.030869182305059E-4	5.271462471931917E-4	2.878250082350014E-5	5.691128146545515E-7	5.591753347880519E-7	1.3309685143717564E-6	2.851442652569528E-5	3.9587401966943823E-7	0.24450762447535976
88	88	0.2905417819254787	0.1036029349241712	0.30510173042652217	1.3337506244098257E-6	4.5723726971154937E-7	6.568369118899807E-7	1.2181809393115153E-6	4.908833987721756E-7	1.1326295281934906E-6	3.2575115644160847E-4	5.962568561823757E-7	1.4192312369390077E-6	0.30041940356046737	4.221262701114098E-7	6.708738834177704E-7
89	89	0.28060417950471855	0.12180350928348642	0.3327726407292334	0.006155984648331751	6.006241655956087E-7	0.029646015004615892	1.6001952567865498E-6	6.448215211727461E-7	0.0024088217193306673	7.971589437231814E-7	7.832394698514541E-7	1.8642937353104917E-6	0.21619522807923267	0.0015925011164341972	0.008814829581524049
90	90	0.13735763218221883	0.2274322940524807	0.5554910069803595	0.07946488343712034	6.793037194643589E-7	9.758429307607179E-7	1.8098149426378584E-6	7.292907658634419E-7	1.5538271749401038E-4	9.015838297788858E-7	8.858409560890224E-7	2.1085093492944517E-6	8.90866062350212E-5	6.271403587708332E-7	9.966972390170382E-7
91	91	0.4095210585962125	0.23525912180935113	0.13584711886480488	1.2229048597190788E-6	0.19643578673599885	0.00861904138526119	0.0077793937711293434	4.500869074978254E-7	0.0064784188562487365	5.476043850872548E-5	5.4670295460135E-7	1.3012813227253892E-6	7.764036856763198E-7	3.870440678239645E-7	6.151186865634866E-7
92	92	0.18014284937664793	0.11527894188542163	0.6930760866994087	0.0010690546018755271	7.872248555609833E-4	6.244173898627365E-7	7.879482413077389E-4	4.666548499935884E-7	0.0024738458828182062	2.8676550361607844E-5	0.004918005490929186	1.3491821920165692E-6	0.0014338871083292668	4.012913692944358E-7	6.377615381045578E-7
93	93	0.3592402982935208	0.17158507576413293	0.1623859345429783	4.5656030822598E-5	3.453321627684575E-7	4.960814141686586E-7	0.30672636002957215	1.1532919881966888E-5	8.554276532033891E-7	4.583309128648852E-7	4.5032783491354125E-7	1.0718859222256464E-6	6.395359451540952E-7	3.188142950615496E-7	5.066829509582316E-7
94	94	0.35889814789378055	0.160340495792362	0.3583563816943284	2.238527434210595E-6	7.674134530551842E-7	0.02066376363475045	2.0445587072830086E-6	8.23884116745055E-7	1.9009717598295678E-6	1.0185246160213814E-6	0.07806269924733604	0.023567241729321283	1.421207002814519E-6	7.08484194159993E-7	1.003464368371761E-4
95	95	0.10695572609454533	0.11652222240574493	0.4252731265589712	0.021208472911494868	1.5471744003623623E-6	0.0020025961384667573	0.25255128519383585	1.6610243268714792E-6	3.832529689062672E-6	2.0534370433220287E-6	3.520829559587508E-4	0.07511882986066079	2.865280877754205E-6	1.4283677252487197E-6	2.2700662589260504E-6
96	96	0.2993724823510644	0.1497586814551296	0.22570865304477497	5.773675946687371E-4	1.798808177110572E-5	7.754548384024899E-7	1.4381717688804786E-6	5.79531843869795E-7	1.3371706611736314E-6	7.164447484212152E-7	7.039346536217917E-7	1.6755296628040978E-6	0.3244690694887918	8.773971888098855E-5	7.920267412458032E-7
97	97	0.19857515987436813	0.29926400165665973	0.26014756706075104	0.021042963644268754	3.6449507198479526E-7	5.236095859653887E-7	9.71095268425886E-7	3.9131670059284686E-7	1.6584500495206366E-4	4.83764262610996E-7	4.753170839567131E-7	0.036948163683506036	6.750245864648955E-7	3.365056949710087E-7	0.18385207794723926
98	98	0.23643627911949835	0.33056402890911546	0.41148010525097567	1.8501362918281828E-6	6.34264945176011E-7	0.0028095967060183095	4.269253066002388E-5	1.8519312803970433E-4	1.6558198331225886E-4	0.010825556969397961	4.182981742420565E-5	0.0014575648798622236	1.2418275021579373E-4	0.004633891671018094	0.0012310118832249692
99	99	0.22489968926070938	0.133464224279112	0.46726258092077017	1.6937713840697802E-6	5.806598242533599E-7	8.341376153824103E-7	1.5470058479171045E-6	1.9392063508087024E-5	1.4383614511561894E-6	7.7066191918083E-7	1.9525880537699186E-5	1.8023258715016053E-6	1.075349676496459E-6	5.360712742647765E-7	0.1743243092504984
100	100	0.1438647502971836	0.03339822071023652	0.7968577841605511	1.6416086654606748E-6	5.627773666176884E-7	8.084488558947425E-7	1.4993630364429584E-6	6.041897386265659E-7	1.3940645381604308E-6	0.00654938470672704	7.33885633517471E-7	0.004876843833070274	1.0422323602464366E-6	5.195620007601616E-7	0.0144442101600357
101	101	0.2970636084917841	0.059126788446649696	0.18604430848053746	0.030476337534457436	3.891180172165923E-7	5.589812854725016E-7	0.004377995204344913	4.177515427280709E-7	0.42099393855627626	5.164442680730948E-7	5.07426452300908E-7	0.0019129827745883806	7.20624910584874E-7	3.5923785771971266E-7	5.709270276296646E-7
102	102	0.23494077971078525	0.22669349676614914	0.0711402639391716	1.633230574365499E-6	5.599051838965384E-7	8.043228675864534E-7	0.02865034535397292	6.011062043010673E-7	1.386949809821698E-6	2.7221045942355416E-4	7.301401850312297E-7	1.1032484234807889E-4	0.003041471159627396	9.10060248472613E-5	0.4350543860888498
103	103	0.2362637074967605	0.3593691172349328	0.3649211026506739	2.460003540001551E-4	6.294899484449806E-7	9.042837519855402E-7	2.202411225790717E-5	6.758114131434036E-7	0.0026670179160265114	0.029524350155900797	8.2088167899129E-7	1.953891026284544E-6	1.2324785348085556E-4	0.006857524259347046	9.236088006390027E-7
104	104	0.2758376801784118	0.12072594137907856	0.3708904931195654	0.22687004537600877	0.001546477632707486	5.205614670023127E-7	2.439143095519055E-5	3.89038705904407E-7	8.976403093273458E-7	4.809480975482339E-7	4.725500929467773E-7	0.004088959822252494	1.2384089416635275E-5	3.345467747802466E-7	5.31686156188477E-7
105	105	0.12868032991119394	0.19486919324499732	0.5449072838095085	0.13148933670349985	6.467282214202265E-7	9.290471182669458E-7	1.723026630672441E-6	6.943181766720842E-7	1.602020501869216E-6	8.583490565220254E-7	8.433611204784589E-7	2.291160249327304E-5	2.2101909792017064E-5	5.970663153861677E-7	9.489013738835556E-7
106	106	0.15612825483754406	0.18350011388147783	0.4398758347111191	0.0016441734028207978	4.3442525013568783E-7	6.24066668769521E-7	1.1574046875154912E-6	4.663927405427609E-7	0.20276659275557163	2.8660443393327086E-5	5.665090119524975E-7	0.0092830663257102	8.045313842678897E-7	4.010659730290181E-7	0.006768849246646867
107	107	0.4976378104528305	0.1712199030704168	0.19801612555882409	0.0346238352168259	9.563355759524875E-7	1.373808628582342E-6	0.06414421720710976	1.026708208161723E-6	0.022660606838130915	1.2692653763193158E-6	1.2471022852807239E-6	0.009461932642529794	6.359437598788685E-5	0.0021646982495840536	1.4031676859906022E-6
108	108	0.16640839120498913	0.3273380038269656	0.21635346696882832	0.02024724468216591	4.2436658099066603E-7	6.096170479345721E-7	1.1306061742730417E-6	4.5559389708857775E-7	1.051205035651979E-6	5.632267811243899E-7	1.4270198864318353E-5	0.0074495432872372395	7.859032888507621E-7	3.917797035804419E-7	0.26218366753244
109	109	0.1702421256812134	0.16241814009131558	0.4048161750378492	1.4567029130511913E-6	4.993878544867509E-7	7.17387662609768E-7	1.143225224135295E-4	5.361356642485632E-7	1.7378761826411676E-5	6.627963332046037E-7	0.26238431683408325	1.5500635870795605E-6	9.248385118758817E-7	4.6104013455950117E-7	7.327186374867215E-7
110	110	0.290267992261418	0.06629684142887854	0.480932350944922	0.009747032680528359	0.0010582001853469611	1.2700101914970338E-6	2.3553825614967747E-6	0.13728058624042272	2.189966821226924E-6	1.1733657294781153E-6	1.152877176044633E-6	2.7441182162207526E-6	8.736559878347489E-5	8.161914402732547E-7	0.014317928747563708
111	111	0.1732757927550446	0.15433983012117555	0.413227236216535	1.901476702513343E-6	6.518654986662407E-7	0.002508297058026284	8.234767522127094E-4	6.998334841109316E-7	0.014497951839841716	0.22298739927016217	0.006616910885094506	0.0024040326871231474	0.009314260991035397	6.018091039251603E-7	9.564389596503534E-7
112	112	0.24346179335758045	0.12193677101897815	0.4426637325279588	3.0200161448474644E-4	1.534131843991177E-6	0.0031758207616780997	4.087265615770677E-6	6.958757252500818E-4	3.8002217705098995E-6	2.0361267333880387E-6	2.0005732053393566E-6	0.01988945540464323	4.987187719502341E-4	1.4163266996403754E-6	0.16736095617160757
113	113	0.31952934012261003	0.219206850567451	0.3203749798139575	0.1209168767951945	4.4983773324757004E-7	6.462072257240134E-7	1.198466942056115E-6	0.008680929317840081	1.1143000217222998E-6	0.010658498532415071	5.86607545766358E-7	6.266210446432137E-4	8.330744451722343E-7	4.152949400011949E-7	6.600170349237427E-7
114	114	0.29437219295331546	0.07005815766556064	0.35812220501608655	1.1457700260746433E-6	0.24638428762006803	5.642614382999701E-7	1.0464888870932669E-6	4.216976354629115E-7	9.729952063755573E-7	5.213226150467166E-7	5.122196167349983E-7	1.2192028866513914E-6	0.03105581383540876	3.626312285524572E-7	5.763200202710349E-7
115	115	0.2692879197372546	0.10956828024786325	0.3941102912846206	1.564050914559881E-6	5.361889672439003E-7	7.70253714567366E-7	1.4285256759093697E-6	5.756448130111391E-7	1.3282020019390252E-6	7.116394165398132E-7	6.992132293376071E-7	1.664291565065717E-6	0.22700561774688605	4.950153100169286E-7	1.81179577673579E-5
116	116	0.1825370410578716	0.0968859439875135	0.5178594481914063	2.7306080238827944E-6	9.361088457185057E-7	1.3447522416589799E-6	2.4940004424717684E-6	1.004993079625572E-6	0.20121708111316394	1.2424201046304793E-6	1.2207257683625569E-6	2.9056137874691355E-6	0.00148436871184301	8.642255599827556E-7	1.3734903478561242E-6
117	117	0.24358506123568538	0.08599853386926076	0.1029834574046663	3.200725138029204E-5	3.204377552629157E-7	4.6031974985904025E-7	8.537168589588229E-7	3.4401739494599536E-7	7.937613304964801E-7	4.252906179043036E-7	4.178644682130503E-7	0.5671888151307173	1.0950946821563745E-5	2.9583151547847394E-7	1.9726292177739874E-4
118	118	0.17863873016147858	0.06321499429387553	0.4691922329667092	2.1074221130658212E-6	0.024707495918395	1.0378496605445443E-6	1.9248136812354677E-6	7.756311491641461E-7	1.7896362857805351E-6	9.588720092064772E-7	0.003503792807051377	0.25232425301055617	1.3379702295368635E-6	0.00815063290131375	2.5793574549186853E-4
119	119	0.1705183256001582	0.15811975555673086	0.4510454731843513	1.5167345040765333E-6	5.199679241598306E-7	7.469516336724814E-7	0.0021862862487638736	5.582301329572551E-7	1.2880206046817397E-6	6.901105632041128E-7	6.780602989139609E-7	0.005463866291438391	0.21265905208861666	4.800398719501354E-7	7.629144071169995E-7
120	120	0.23249082739731017	0.1239903611313113	0.18750174694348454	1.151177823666011E-6	3.9464754161104224E-7	0.44056137275284074	1.051428098238809E-6	4.2368796110020756E-7	9.704486256449747E-4	5.237831499863794E-7	0.014427774427895921	5.224974875123484E-5	7.308652820043998E-7	3.64342772963371E-7	5.790401315905429E-7
121	121	0.5207092859552241	0.13654818354975817	0.1328622788558761	0.08241728172863808	4.768578400038141E-7	6.850225294106644E-7	0.008586580187982269	5.119477626570167E-7	0.0035771091640398284	6.328941021988369E-7	6.218429147430687E-7	1.480132060406234E-6	8.831141790156916E-7	0.11529328908524968	6.996618433212728E-7
122	122	0.28364473838176535	0.24711057118805643	0.2925254574857246	1.5991665086041695E-6	1.82685864072126E-5	1.7799113810433538E-4	2.3182526665345454E-4	5.885690147613665E-7	1.3580223881391936E-6	7.276169276454274E-7	7.149117514785725E-7	1.9422016820450558E-5	0.17626542714309507	5.06129242760706E-7	8.043775397170964E-7
123	123	0.3288431153914933	0.12023738325570413	0.20992023538626106	0.0015685276729120782	2.9352825317638388E-5	0.005467883209468498	0.0012551133840958291	9.456759867771783E-7	3.0653953532809514E-5	1.1690895014679837E-6	1.1486756167621437E-6	0.033257992569465704	0.29938437327007567	8.132169024877693E-7	1.2924236657646337E-6
124	124	0.3916162928403596	0.13600660603558945	0.2210103564822515	2.1506641468639026E-6	7.372921028724544E-7	1.0591452186675946E-6	0.016731679201708746	2.462304896209794E-5	0.00815220027988927	9.78547030918108E-7	0.2200372258567867	7.887280900582605E-4	0.0056256000603057636	6.806758459661182E-7	1.0817797433252495E-6
