0	0	9.333219131632905E-5	4.545266746734741E-7	3.35755159303048E-7	4.1381098069173266E-7	3.3388358276759946E-7	4.6706844564721474E-7	4.303014718553122E-7	2.353704263313962E-5	3.710237214250353E-7	0.07249775365498029	0.06686947299762774	0.06945350802102557	5.996475242561811E-4	0.6347876028950815	0.1556723393030428
1	1	2.02174748741149E-6	7.828271060459484E-7	5.782680188924467E-7	7.127028412527402E-7	2.041547288472377E-5	8.044276826966315E-7	7.411042623225489E-7	8.567752442891146E-7	0.12221767712229437	0.5224048746299372	0.08082489621517845	0.1127146682298578	1.065139088904468E-6	4.156444547283935E-5	0.16176834089264278
2	2	1.075748189464578E-6	0.08785460382382815	3.076896487925283E-7	0.0021117511816883833	0.011633965478761412	4.280265604900236E-7	3.943329092094969E-7	0.0029035923262449755	0.0014466298033169907	0.31373216418403954	0.03130898119595057	0.18834557174936953	5.667480501652383E-7	1.0022356440982207E-6	0.3606589654757982
3	3	0.001767200492789224	7.133381576805366E-4	4.720974346282669E-7	2.1115202623837507E-4	0.003385789993306699	0.0029324414969674095	0.0010048628009060344	6.994704560293659E-7	5.216877305313289E-7	0.3202500664751214	0.0454304760099976	0.1623019886539763	0.00443904098768645	0.32397185292551517	0.13359009672419367
4	4	4.420387772108775E-4	6.435398378237001E-7	0.1910261260936459	5.858926796657932E-7	4.7272778184165934E-7	6.612970558445374E-7	6.092406779250084E-7	7.043304932887888E-7	5.253125037956046E-7	0.12236475719509647	0.18361667973621854	0.23793491296977293	8.756204674561074E-7	5.047919544628835E-5	0.26455992807111145
5	5	0.0233306780663004	7.78072420711168E-7	0.22348645913901016	7.08374072203752E-7	0.002347242357704122	7.995418011574394E-7	7.366029905341888E-7	8.515714174699328E-7	6.351295559888306E-7	0.19627875055939656	0.07335313446787387	0.24030816647575695	1.0586697150588233E-6	0.0025457421816485956	0.23834425879033627
6	6	0.197742186730694	8.932970312419135E-7	2.723427835709967E-4	0.0034647704091014084	6.561929802711234E-7	0.01822631331370551	0.004619455195780409	0.003917739666377621	7.291857823468971E-7	0.10299776534966783	0.045727574916349864	0.32296442594405034	1.2154479304939014E-6	2.4789637365207087E-5	0.30003914192961256
7	7	1.8803191621334033E-6	7.280656052750878E-7	5.5895378376615704E-5	3.756788826742615E-5	5.348182325135025E-7	5.61057173789889E-5	6.892614207563523E-7	7.46069237894882E-5	0.17513346869459032	0.17941981002204538	0.11122713687588345	0.30515044719452344	1.944314961948495E-5	1.7518252924124967E-6	0.22881993386581234
8	8	7.131574279865416E-4	4.927761277957884E-7	3.6400971935843525E-7	0.43649821728082333	3.6198064540216116E-7	7.24880352759632E-4	4.665123190801014E-7	5.393252022207052E-7	4.022462111724378E-7	0.11323117420306045	0.11958099985396103	0.18119416090663945	6.704866396941932E-7	1.1856866715240408E-6	0.1480529269512332
9	9	5.106020546384403E-5	9.584848193399775E-7	7.080249436146644E-7	8.726254478995081E-7	7.04078249619754E-7	9.849323256268308E-7	9.073998326044449E-7	4.1401982849133474E-4	0.005830958431429751	0.30492604071604246	0.22690917731879534	0.1902595413617817	0.001823234155031988	2.3062453942990142E-6	0.2697785261919507
10	10	3.379877596943582E-6	1.3086994367394813E-6	9.66725634261036E-7	1.1914684605406894E-6	9.613368830738457E-7	1.3448104276309206E-6	1.238948834520583E-6	1.4323230135412337E-6	1.0682729140038894E-6	0.16960095253082913	0.027819951728988206	0.3574251543938816	0.006071605971718519	0.35387728157534776	0.08519216133603348
11	11	6.87533048271035E-5	6.613377004029451E-7	4.885247826465153E-7	6.020962412574752E-7	4.858016330690546E-7	0.0033361841915265	1.011940680118936E-4	7.238095940268536E-7	5.398406482929693E-7	0.4127531486956302	0.2603495026108873	0.13050472261827192	8.998367969440534E-7	0.008365494777130385	0.18451659848631807
12	12	0.22858201521005544	6.811342865190406E-7	5.031483598652586E-7	6.201194842738172E-7	5.003436951026143E-7	6.999288495224573E-7	0.016452346671190637	7.454762235734201E-7	5.560003226565949E-7	0.034514436044432724	0.20392424003190893	0.2407172314396474	0.020871973492767204	1.6389021291598492E-6	0.25493181205664706
13	13	6.800155700762412E-5	8.649795127898879E-7	1.1025168800759055E-4	7.874961809952706E-7	6.353916609148015E-7	8.888469237711727E-7	8.188781389905543E-7	0.36954932036702487	7.06070590955456E-7	0.24724955421662992	0.027551107349159835	0.1359649567806184	1.1769182276117738E-6	2.0812588548959613E-6	0.21949884820146087
14	14	1.5705732067944589E-4	4.7297556377388063E-7	3.493832036930086E-7	0.4570308786690856	3.474356613014962E-7	4.860263956118346E-7	4.4776707855420035E-7	5.17654219003708E-7	3.860832897003361E-7	0.0776700325893451	0.1446965106585986	0.1703652169379484	6.435453718724687E-7	1.138043809938092E-6	0.15007551490974935
15	15	1.8262329081359834E-6	3.6550613318511714E-5	5.223461843773996E-7	6.43780388264116E-7	0.0043734252247679415	7.26634911384043E-7	6.694352289989098E-7	7.739201634919935E-7	0.01055648504450509	0.23408169164683693	0.27638462785684814	0.10926995919035597	9.621340291065785E-7	1.7014350875831083E-6	0.36528943450446616
16	16	0.001792330687214857	8.309859767321561E-7	6.13842585139232E-7	7.565477256525006E-7	6.104208852874995E-7	8.539154028435102E-7	7.866963784597411E-7	9.09483342767301E-7	0.29578129020342353	0.36840571421643187	0.13684902797465945	0.02811769693290623	1.1306655573279624E-6	1.999465763980795E-6	0.16904544796174595
17	17	1.5987799147009984E-4	4.473277633735648E-7	3.3043738205257985E-7	0.0013155383024236736	6.805687913903931E-4	4.596708945274344E-7	4.234862455975086E-7	1.1826920251395918E-5	0.16026495531137194	0.6013246520977767	0.06524351011984222	0.07844371492978003	6.086481710221028E-7	1.076331698954571E-6	0.09255200963353791
18	18	3.963717761821536E-4	4.586051779652768E-7	0.0013602482531781975	0.4339975138505109	3.3687954618905275E-7	4.696389146198584E-5	4.341626005133612E-7	5.019263645175697E-7	5.849014291465399E-5	0.08438787543115582	0.1374060396407534	0.14489498776924586	6.239925746722098E-7	1.1034666988387068E-6	0.19744805021163425
19	19	0.10986338598292009	6.186276956794379E-7	4.5697524938737964E-7	5.632121230642366E-7	4.544279641697541E-7	6.356975120610578E-7	0.01636931792201102	0.19794631389905504	5.049770731112039E-7	0.10251345820760807	0.0692338980341452	0.10600573271887531	8.417242262793991E-7	1.2691940132172254E-4	0.39793689819221983
20	20	2.4272321702825556E-6	0.13443906737419212	6.942463127768596E-7	8.556435830447225E-7	6.903764240415324E-7	9.657648951041873E-7	2.4709395300232062E-5	1.0286113615023236E-6	7.671716827427501E-7	0.5758478187101385	0.020693266327093944	0.0816075698059666	1.2787649686778994E-6	2.26136434286712E-6	0.1873765992115676
21	21	0.0018397190755011427	4.803926982246075E-7	3.5486218061084285E-7	0.18366564726992032	3.528840971409477E-7	4.936481913217257E-7	0.007573524763308057	5.257719976701172E-7	0.0026302685276196353	0.3014048062460342	0.023117923036478295	0.20770009151421634	6.53637357408117E-7	1.155890448529264E-6	0.272064002479951
22	22	0.0014066481635569674	6.843358084834988E-7	0.0012839768449880128	6.230342195746008E-7	0.007683986478405045	1.221126690061889E-4	0.021039171177722662	0.005204011135670265	5.586136799349782E-7	0.29886362740486144	0.15944091826415394	0.09006951278773315	0.2533477654800188	7.102343416829527E-5	0.16146538017600728
23	23	5.3132543295182916E-5	4.1090690738025386E-7	3.035335918299878E-7	3.740985948474481E-7	3.018416257277583E-7	4.2224507653741815E-7	0.22241784900876763	4.49722375773403E-7	3.3541751987382616E-7	0.19690586901368057	0.16823982390171158	0.14642519487012912	0.01743403889071253	0.0010632437395937924	0.24745825026641757
24	24	1.6560246902941287E-6	6.412180670017253E-7	0.1689663409457451	5.837788889592895E-7	4.7102226882427017E-7	6.589112203162972E-7	6.070426520275752E-7	7.017894012036815E-7	1.6774823188530703E-5	0.28845144453804683	0.06305135242478588	0.2903810999051424	8.724613933273966E-7	1.542858252864523E-6	0.18912525225625643
25	25	2.19489279705336E-6	5.393396334561661E-4	6.277917085770156E-7	7.737397189536944E-7	6.24292253100707E-7	0.013140023559930594	2.234416403508282E-5	2.163260562585695E-4	0.20559608560551496	0.4107884779028862	0.09214093092997713	0.02905820528241969	6.577513077627745E-5	2.0449021599341067E-6	0.24842622611610773
26	26	1.971866086182202E-6	0.2644697448468897	5.640007480052349E-7	6.951187380929049E-7	5.608568780252972E-7	0.0016262616004851667	7.228194274003712E-7	8.356365264275559E-7	6.232447979229195E-7	0.39997034205113685	0.05402287503423179	0.16758010616039534	1.0388595309530114E-6	1.837116247384892E-6	0.11232182078788078
27	27	1.3380633063133906E-6	5.18102400180894E-7	3.8271803086803426E-7	4.716917053803627E-7	3.805846724774959E-7	5.323984184479894E-7	4.904887607086338E-7	5.670438683758446E-7	4.2291969053840995E-7	0.08124629106062882	0.06021586579433758	0.05849979883821628	7.04946359452587E-7	0.6471932996473452	0.1528389357022594
28	28	2.356833904055723E-6	9.125736403932036E-7	6.741107289821817E-7	8.308269109966378E-7	6.703530806253371E-7	9.377543178588474E-7	8.639356115230273E-7	9.987780157855206E-7	7.449210068392891E-7	0.17257143834840602	0.08961826272210589	0.2734763287639383	0.3141134793046054	2.1957768267678695E-6	0.1502093049969006
29	29	0.00606021496649367	1.551169243449906E-5	4.349417922846295E-7	3.0381841180182407E-5	4.325173266281207E-7	6.05046806402273E-7	3.437839437650519E-4	6.444197987119157E-7	4.806291665381803E-7	0.013420492816275702	0.401004197652856	0.1246219735109835	8.011397643048488E-7	0.05387305832800691	0.40062698655334955
30	30	0.011392587047428902	0.002116254003414134	4.083715809634398E-7	0.31889691847354	4.06095223780242E-7	5.680850294691451E-7	5.233661716984782E-7	0.005366919947661942	4.512679537309051E-7	0.3392032582094614	0.02972836952881674	0.18324018141306594	7.521988411445886E-7	1.3301862967586468E-6	0.11005107180551331
31	31	1.822411595007796E-6	7.056436097126547E-7	5.212531976488573E-7	6.424333057324282E-7	5.183476123533933E-7	7.251144593574143E-7	6.680344648260334E-7	7.723007691268248E-7	0.22162213469482006	0.5624116064918919	0.028359897169934863	0.10195915569251833	9.6012080539337E-7	0.03616364039160455	0.049476229899411105
32	32	0.00901336444242047	9.455755114772778E-7	6.984889428484901E-7	8.608725329566108E-7	0.14575715708908574	0.0017743978793284235	4.882561673664403E-5	1.03489734014422E-6	0.0030203894650669277	0.4236169412366083	0.12758477662307463	0.08416729318640077	1.2865796687502129E-6	2.2751838363053876E-6	0.2050097528634456
33	33	1.3881537753668835E-6	5.374975903190229E-7	3.97045100141182E-7	4.893495087590697E-7	0.14464572924984967	5.523287807690915E-7	5.088502328254155E-7	4.1456231559167976E-5	1.4061405169107096E-5	0.3000024676759575	0.11186579128270323	0.17859380751207474	7.313360628664119E-7	4.216125299309909E-5	0.26478992082864233
34	34	1.2731002866794573E-6	4.929485107972356E-7	3.6413705728013947E-7	4.487910568286782E-7	3.621072735129817E-7	5.065504568847934E-7	1.296025103224447E-5	5.395138690246975E-7	5.037668899607407E-5	0.12147906386056073	0.02948168433230036	0.06776590626531788	6.707211894072601E-7	0.6171963102548781	0.1640090404772141
35	35	3.7206250653390574E-4	3.4868159243663487E-7	2.5756825756971365E-7	3.1744731333758066E-7	9.746522600800997E-5	3.583027762279735E-7	3.3009768357846885E-7	7.107914161752455E-5	2.846238718798733E-7	4.093606941446522E-4	0.021631211029425224	0.7192241035833794	4.7442709995266463E-7	8.389755376486588E-7	0.25819150769475857
36	36	1.967981696653484E-6	0.0931656968112043	5.628897199211815E-7	6.937494199802883E-7	5.597520430674989E-7	7.830349564847196E-7	7.213955415520254E-7	0.05278270936662825	6.220170646686967E-7	0.14294024203792605	0.11807356814683982	0.18395555899171223	1.036813076017699E-6	0.00455965369078545	0.40451562332138563
37	37	0.05532925030332577	3.454184394819364E-7	2.551577930113419E-7	3.144764678414369E-7	2.537354847459137E-7	6.163635900123888E-5	3.270084490020725E-7	3.7804767564056497E-7	0.18114812820059184	0.12538458693800264	0.17766135039987727	0.06117688297463343	4.6998715179772756E-7	2.7094585125182825E-5	0.39920872640798105
38	38	0.20129302922091377	6.200957775242375E-7	4.58059709510704E-7	1.2629311068745714E-4	4.5550637926275134E-7	6.37206102741299E-7	5.87046130904483E-7	6.78671838478461E-7	0.0032065845062109475	0.2278880869441771	0.00926851406765529	0.26830569807953253	8.43721744437023E-7	8.658758988254846E-4	0.2890416378643146
39	39	0.005974094529118217	0.15257709541514933	4.4864667437118396E-7	5.529473342747788E-7	4.461458145476056E-7	6.241116451592787E-7	5.749824506811648E-7	6.647252683454441E-7	4.957736437340028E-7	0.27538766912954865	0.103684090702055	0.2119178473463205	8.263834318470631E-7	2.015717801706587E-4	0.2502529973813747
40	40	0.001088075785978758	6.594476000175744E-7	4.871285808582599E-7	6.003754527148932E-7	4.844132140309172E-7	6.776437614959847E-7	6.243005938053379E-7	0.2074143367346871	5.382977859750406E-7	0.3721298168775831	0.16341965896260538	0.06550092284335507	8.972650671369693E-7	1.5867209992635471E-6	0.19044063320273527
41	41	1.3601202356140264E-6	5.266429138900438E-7	3.8902683891105053E-7	4.794671750073837E-7	3.868583137724435E-7	5.41174590860812E-7	4.985740851224049E-7	5.396657589122472E-5	4.2989119156533353E-7	0.3174623430086069	0.07113905170891067	0.0661779380973173	0.2569142855705369	1.267174784714368E-6	0.28824653610860745
42	42	0.2030423814925976	4.7172022379163414E-7	3.4845589425397194E-7	4.294643621511784E-7	3.4651352089870255E-7	4.847364169880544E-7	4.4657864524073743E-7	5.1628029593481E-7	3.8505857335733747E-7	0.4949637659252982	0.06586012555291927	0.07298937368859215	6.418373169589015E-7	1.1350232904745402E-6	0.16313914767205265
43	43	1.064465823335394E-6	4.121645779975007E-7	3.044626228901513E-7	3.752436055597104E-7	3.027654781549664E-7	0.26248058965759624	4.809126487822121E-4	4.5109884963590063E-7	3.364441386813429E-7	0.003837102288590122	0.10957737421367145	0.23091255958984758	1.1006944291551041E-5	9.91724272017676E-7	0.3926962162878525
44	44	0.10080614235619076	0.10292476722101919	4.320020876571218E-7	8.946461849469064E-5	4.2959400859081E-7	6.009573881670267E-7	1.5375681740028573E-5	6.400642644819669E-7	4.773806679803255E-7	0.15710348526495052	0.01973920343934036	0.18094824586135502	7.957249839499039E-7	1.051613739338548E-4	0.4382647784595747
45	45	2.9042147631123053E-5	0.002404718886875502	4.027121464196831E-7	4.963340208749813E-7	4.0046733622720913E-7	5.602121994549122E-7	0.12738027187239037	5.966676114784263E-7	4.4501403802058605E-7	0.5230918616687081	0.019395706825460927	0.06362853336327887	7.417744622117936E-7	0.03794304180013174	0.2261231802537086
46	46	1.7776796081826166E-6	6.883232410651959E-7	0.0027045248452835986	6.266644650123622E-7	5.056245158640099E-7	0.01411392832700578	0.09214655198239682	7.533442677940349E-7	5.618685649787557E-7	0.16931194232033203	0.051965046522683626	0.16384699871921285	9.365541691103886E-7	1.6561997357336416E-6	0.5059035010245175
47	47	3.258058704315373E-4	9.115827011210203E-7	0.14811840054695163	2.3933610149043163E-5	6.696251621709595E-7	9.36736035563486E-7	8.629974869835907E-7	9.976934694911429E-7	7.441121170711895E-7	0.2755420030048808	0.036590405375109804	0.3732876370285015	1.2403279858785656E-6	0.02118827291413543	0.144917178574882
48	48	0.027331952301597153	3.895860461813472E-7	2.8778404499984913E-7	0.0027452979784556757	2.8617987049657057E-7	0.41847589153107556	3.6882202613643147E-7	4.2638748366112687E-7	3.180136012332143E-7	0.11819372812463841	0.047698302525312236	0.2837368912609026	5.300829813820189E-7	9.373972404775261E-7	0.10181439202472373
49	49	1.799306897380813E-6	6.966973967498504E-7	5.146447028654803E-7	6.34288478671894E-7	2.6537437363016015E-4	7.159213932167577E-7	6.595650639747164E-7	0.2653401128606055	5.687042702938403E-7	0.21989462302730567	0.03345651736254111	0.2612262150841998	9.479483077233834E-7	1.6763490981327004E-6	0.21980894386610877
50	50	0.062475501543971565	1.8806513662396945E-5	2.687645913733324E-7	3.312465528817916E-7	3.32235418154799E-4	1.571366162894313E-4	0.2663955648638705	3.982078221638252E-7	2.969962966037659E-7	0.3687734836968477	0.018311248526946152	0.09934202492774824	9.716387702063126E-6	8.754452884681767E-7	0.1841821108442556
51	51	0.00916326402120387	0.09783542542107235	1.7205442998823377E-5	6.005460848168413E-7	3.68284422264755E-4	6.778363539460479E-7	6.244780256475074E-7	7.219460744977664E-7	5.384507750459289E-7	0.1745097123009369	0.028734324143607153	0.20613611689206418	8.975200779368247E-7	1.5871719596385682E-6	0.48323001940650046
52	52	0.015500954009503938	1.0524971892461956E-6	0.13495013193150623	0.014832316405717156	7.73137313999882E-7	1.0815387822561426E-6	9.964015642900784E-7	1.151919152346121E-6	8.59138628605338E-7	0.36905867548850674	0.04958228566975502	0.2587234470715565	1.4320606537127311E-6	0.015287367420529333	0.14205747530964072
53	53	5.197498341867032E-4	0.21522261822671407	4.718910587087945E-7	5.815955358341787E-7	4.6926062933698487E-7	6.564468696875639E-7	6.04772291628379E-7	6.991646847035368E-7	5.21459676368843E-7	0.3677428891922022	0.054525938148551056	0.15139951065689666	0.001652312958193418	1.53708790992869E-6	0.20893143930459968
54	54	1.6724411200774984E-6	1.706008318394269E-5	0.001461191625485754	5.895659796927685E-7	4.756915856816075E-7	8.27279862231143E-5	6.130603600550752E-7	7.087463484612295E-7	0.21961630648661504	0.5127156497982598	0.033264011789553724	0.12092835227944207	8.811102385325466E-7	0.03348307574319606	0.07842668359240805
55	55	9.264444927707518E-4	3.30923616961012E-4	4.813045454229925E-7	5.931974548546246E-7	0.12976436848756162	6.695419554543702E-7	6.168365505866569E-7	7.131119239000198E-7	5.318619792836716E-7	0.5244938602809706	0.02640108197766094	0.10068443038248548	4.137266045226839E-4	0.012750069020000112	0.20423148928265736
56	56	1.1821372689499868E-6	1.2058636863814423E-5	0.18373554317615093	4.682036303496002E-5	3.3623470818158694E-7	4.7035742584663104E-7	4.3333154814049284E-7	5.009656021309794E-7	3.736363784877271E-7	0.42161559608844734	0.10940524918589842	0.05098669624188868	6.227981592407092E-7	1.101354497978092E-6	0.23419301549212684
57	57	1.265809806600494E-6	0.16803329477815498	3.6205180603175794E-7	0.0018016406229383766	3.6003364593500056E-7	5.036496673291326E-7	4.6400307100783584E-7	9.991266717656997E-5	4.000826337304727E-7	0.2983811752273333	0.1219190921349649	0.1336493729684162	6.668802669590639E-7	1.1793091722101977E-6	0.2761103097809458
58	58	0.17785996162365875	6.170410773351247E-7	4.558032273155601E-7	5.617676311793205E-7	0.0010482428218363915	6.318866767297537E-5	0.010384647847012466	6.753285823743431E-7	5.036819389081096E-7	0.44332949752924583	0.12050749014151765	0.056847435385159344	8.39565423646418E-7	0.017297831739642614	0.17265805105637327
59	59	0.06500942671363044	3.7270914602119126E-7	2.7531721605986333E-7	3.3932252125489655E-7	2.7378253453046475E-7	0.41409164175274904	3.5284462506423413E-7	4.0791634214611666E-7	3.0423722538456214E-7	0.03368804823825503	0.03839625050255823	0.24381537117396734	4.773791322254593E-5	3.8681423897747E-5	0.20491051615210915
60	60	2.916177591556159E-6	0.01897481157521532	8.340963691597279E-7	2.2997138339632558E-4	8.294469240221979E-7	0.009616782170952526	1.0689720928298615E-6	0.15416598273470014	9.217119390068086E-7	0.45586411190715403	0.05906016709661562	0.12895408149994736	1.5363613716818018E-6	2.716897091161057E-6	0.17312326796863933
61	61	0.0023012571673263612	6.434978553795204E-7	4.753466341647245E-7	5.858544579345597E-7	4.7269694261998737E-7	4.9588812527777036E-5	1.6918387137312963E-5	7.042845450601313E-7	0.18502824276563862	0.2282197021685512	0.15684132662053696	0.1252718417577031	8.755633448271153E-7	1.548343735096664E-6	0.3022658167330637
62	62	2.2660786763160643E-4	5.228118517096437E-7	3.8619686442472536E-7	4.7597929258749864E-7	3.840441142152528E-7	5.372378180431049E-7	4.949472095464452E-7	0.17756984601569026	4.2676394947727805E-7	0.30252528583882776	0.14357852588138345	0.05836902832352864	9.149923700368967E-4	2.2651559831208992E-4	0.3165859701234892
63	63	1.4334978960203103E-6	5.550549791464317E-7	4.1001460052733006E-7	5.053341378114251E-7	4.077290847749253E-7	5.703706312614367E-7	0.005894865875407366	6.074870960384966E-7	4.5308356018125444E-7	0.09894223614968904	0.037993139516253334	0.4638952845903732	0.23689978242289714	0.00956732951044823	0.14680241936294586
64	64	1.1592745817365117E-6	4.488748330758841E-7	0.0020481099391879507	0.003015193471723786	3.2973188556920305E-7	4.612606525800048E-7	0.1140844326399313	4.91276862788209E-7	3.6641020274882324E-7	0.29734108659278247	0.14839279984293086	0.1968149387557592	6.107531625336045E-7	1.0800541599718361E-6	0.23829849112134335
65	65	5.219623344286618E-5	5.020753123301851E-7	3.708789513721071E-7	4.571002956552924E-7	3.688115867355646E-7	5.159290945825429E-7	8.954954949500694E-5	0.14839822270716851	4.0983700450629135E-7	0.3098551877776511	0.1589815698311376	0.13898202081423883	6.831394015441904E-7	1.2080617796848118E-6	0.2436367372534396
66	66	2.5891540851475005E-4	4.841179000237954E-7	3.576139568942059E-7	4.4075147651826095E-7	3.5562053438995775E-7	4.97476182748893E-7	0.45637445493209433	5.298490929276466E-7	3.9517862181430343E-7	0.03678871944249435	0.08528405546476936	0.1677652681627217	2.5198240685488316E-5	1.1648537928815798E-6	0.25349916288716173
67	67	1.8343869003849803E-5	3.395181341685986E-5	4.85206637613606E-7	5.980066991846272E-7	4.825019841402638E-7	6.749701494336532E-7	6.218374447394719E-7	0.019028792897780745	5.361739570025256E-7	0.5452437587312647	0.052701731262988445	0.08059147206782591	8.937249493893933E-7	1.580460665081734E-6	0.3023760764752329
68	68	0.017039847571622014	8.031602205843516E-7	5.932879252948004E-7	0.00761378643372551	8.758877733806864E-4	8.253218495999079E-7	0.2048204438171179	8.790290843021307E-7	6.556083736027848E-7	0.2054165651876291	0.11824148642126661	0.19049045288302213	1.0928049616454072E-6	1.932513193982919E-6	0.2554947481866271
69	69	1.7798531090734229E-6	6.891648275753474E-7	5.090804552556709E-7	1.228936073584106E-4	5.062427236279879E-7	0.27085522275311524	1.8119030633696088E-5	7.542653530276154E-7	5.625555401912048E-7	0.2165914315863604	0.044849810966637635	0.1353846430436003	9.376992580856348E-7	1.6582247078289511E-6	0.3321704819263197
70	70	1.2079927570368368E-6	1.2322381142897123E-5	3.4551475038185145E-7	4.258394658648368E-7	0.1918795867089011	0.002442536995098356	7.157066415308689E-5	5.119226292868225E-7	3.818084843730141E-7	0.37421932209619224	0.007074228961506063	0.18330905077517287	6.364198855915444E-7	0.003190024269223934	0.23779784765063686
71	71	1.5284492770479776E-6	0.18374378093062907	4.371729609753357E-7	4.553713825735587E-5	4.347360582710186E-7	7.560537062643784E-5	5.602778195680407E-7	6.477255497435763E-7	1.6547697880170038E-4	0.37934077621589246	0.0728035147462785	0.06679342779130383	8.052494589598683E-7	0.043289819410814175	0.25373764780627184
72	72	0.26193639039309774	4.863736875969267E-7	3.592802888350423E-7	4.4280519463841383E-7	3.5727757781303255E-7	0.006607739286443766	4.6045111388677604E-7	5.323179687932208E-7	1.2723959340606293E-5	0.49645913079132276	0.026093018782582026	0.045819976186491425	6.61775278951173E-7	0.004019752510008716	0.15904796780960243
73	73	1.6347183797947328E-6	9.631719484443911E-4	0.0016207415185458417	0.24953880689760358	4.6496212565701014E-7	1.669275004708901E-5	5.992324790837292E-7	1.6111592359733628E-4	5.166830209289931E-7	0.174625786881881	0.17511387540296364	0.10955394471423642	8.612363593928679E-7	3.360764060966891E-5	0.2883681794897063
74	74	0.09882876216425708	7.662262416400962E-7	5.660050953200087E-7	6.975890528594601E-7	5.628500526468174E-7	7.87368750038803E-7	7.253881849481234E-7	8.386062136731772E-7	0.1262480057253291	0.2609874261488502	0.06903208227043786	0.17050601512359626	1.042551432636932E-6	1.8436449958491387E-6	0.27438987833751
75	75	8.810992319912279E-4	5.340057938990719E-7	3.944657385138877E-7	0.4386424602963784	3.92266895697076E-7	5.487406350842324E-7	5.055445409427478E-7	5.844495431828154E-7	8.666218422909685E-4	0.09278099944374817	0.09606201793162583	0.19544755241243084	1.7667060425734674E-4	4.188735685865396E-5	0.1750977314072712
76	76	0.002847320661590007	7.196859131336786E-7	5.316261330227705E-7	6.552177244994878E-7	0.0012408582455026523	7.395442325646214E-7	3.716161019285351E-5	7.876695496033958E-7	5.874694723689344E-7	0.15725413723198137	0.05794432315506245	0.3460895327265997	0.3028237988337924	2.3885349460984676E-4	0.13151999282764354
77	77	0.008017372283285966	6.714783380881905E-7	4.960155892617485E-7	6.11328498590635E-7	4.932506842041286E-7	8.578170612143876E-5	0.018822919654312483	0.009326785190584056	5.481183079799515E-7	0.2058593281208597	0.02086018863065447	0.30781173958489566	0.21540204214690856	1.6156685983340072E-6	0.21380940682236121
78	78	0.15673983943441339	2.9126292758400837E-5	4.1624494108569057E-7	0.0012715577682236537	4.1392469598103676E-7	0.0032567386355607034	2.909626010561669E-5	6.167181124175755E-7	4.599683513025782E-7	0.48947108767858616	0.07705883860714492	0.017038572643926882	0.0030569866746335936	1.3558321453736648E-6	0.25204489331640045
79	79	0.1260080950271453	6.43256562585225E-7	6.852041394097175E-4	5.856347797211458E-7	4.7251969515103916E-7	6.587328891814201E-5	6.08972500590546E-7	7.04020459042694E-7	0.002168833489489374	0.37672031319433613	0.031477114033923004	0.22110322750971506	8.752350342907402E-7	0.00228397766654027	0.23948347201149164
80	80	1.8554841850166576E-5	6.644001637026003E-7	3.416868007513194E-5	0.04201377649636471	0.014145203143052022	6.827329814498975E-7	6.289891974932397E-7	3.4405054422311276E-5	2.1944864548627588E-4	0.3589780927510497	0.03225917072748396	0.12533329351873684	9.040036804661048E-7	0.19662997736027318	0.23033102865518262
81	81	0.042385177887805776	3.73368676277856E-7	2.7580440569851484E-7	0.0013819195586291006	2.742670084619387E-7	0.002044364501886888	3.534690039092817E-7	0.2699099699248079	3.047755906419938E-7	0.002113272669090907	0.09634859645913066	0.3760646543278511	5.080171197504755E-7	0.0032655899808396232	0.20648436498815328
82	82	1.2987868223221417E-6	5.028944197135136E-7	3.714840193368713E-7	4.5784602885088645E-7	3.694132819122306E-7	5.167708036255252E-7	4.760913298345014E-7	0.15856918769032496	4.105056303241877E-7	0.42064881230818263	0.06535647800148192	0.15512807951140922	3.5756246660054083E-4	0.0053798745240081595	0.19455560170565658
83	83	1.2504168845489824E-6	4.841654248007685E-7	3.5764906306058204E-7	4.4079474410993876E-7	1.2626627291519314E-5	4.975250188787561E-7	4.5836054630432814E-7	9.869767588025672E-5	1.5991785142210703E-4	0.6671030707843881	0.08967316455997304	0.1405156378625189	6.587706473989493E-7	3.324812080036128E-4	0.10210025574819333
84	84	0.017046968201167193	5.961233475712438E-5	3.4477089169223745E-7	4.6176062673911815E-4	0.0022123884044384806	4.796102160317145E-7	0.012515651468758158	0.18190872766874458	3.8098648890522193E-7	0.13600321455230405	0.1371201800382327	0.18580071015905203	0.001136230628969297	1.1230201537734616E-6	0.3257322275290868
85	85	0.0027492183787253665	5.766746596433272E-7	1.5041564911146516E-5	5.250171656449164E-7	4.2361034496230576E-7	5.925868643842309E-7	0.15982191354984338	6.311490347937101E-7	2.9701891457611233E-5	0.2596943393793374	0.10921853998185416	0.12345868499385965	0.003917760089222935	1.3875579988081547E-6	0.34109066357472
86	86	0.008506127055960827	6.711014440155998E-7	4.95737180674455E-7	6.10985366021116E-7	4.929738275303793E-7	6.640323397641942E-4	6.353333153254223E-7	7.344956494205684E-7	5.47810654657963E-7	0.32318946046025293	0.1678724409594054	0.20320501141107508	0.1357820653908831	0.008386947101553159	0.15238972684366767
87	87	0.021199655139553446	5.035554883640885E-7	3.719723453745972E-7	0.23470108573845144	3.0666761802531614E-4	5.174501131672851E-7	0.004058921495762236	5.51122812718423E-7	1.3173450215492892E-5	0.0032840538728961346	0.244907329508693	0.20506709181599012	0.005858629031916611	0.006344126890463971	0.27425732133727254
88	88	1.4471992849251478E-6	5.603602008380469E-7	4.1393352465974954E-7	5.101641271460917E-7	4.1162616392225015E-7	5.758222401270697E-7	5.304943199713638E-7	6.132934644891245E-7	4.5741413791120166E-7	0.4110132625708325	0.07359168062243948	0.12906951164493255	0.02197140625151061	0.29161300267090173	0.07273561593191909
89	89	0.127549758544891	0.00833982649543551	4.98058335642609E-7	0.022078861201158317	4.95282043846503E-7	6.928481252622119E-7	6.383080913535084E-7	7.379347261979456E-7	5.50375629552396E-7	0.33165769718668536	0.15864464008593115	0.15808606528834623	9.17397097048027E-7	1.622322423845477E-6	0.1936369986710797
90	90	0.008932780335549874	9.319900896040061E-4	6.168044225079381E-7	7.601981262263528E-7	6.133662126930152E-7	6.434588293192917E-5	0.002138214685423624	9.138716693774741E-7	6.815951025305287E-7	0.24796919383751453	0.10117312370544479	0.043130685857829636	2.2298736879031205E-5	0.015683507401880657	0.5799502736314086
91	91	4.106674877618135E-5	0.17985535682156517	3.858696358726823E-7	0.003323520364185315	3.8371870971047385E-7	5.367826109466856E-7	4.945278357150214E-7	5.717133590956182E-7	4.2640234801927646E-7	0.15011057159386668	0.15570315092227635	0.34596815377295603	7.107514490884743E-7	1.256890846229192E-6	0.16499341311957952
92	92	0.0011915585187720458	5.397623127594518E-7	3.9871803219585114E-7	4.914113613769424E-7	5.475985718409852E-4	0.00213464275377777	5.109942508858746E-7	5.907498396528349E-7	4.406003720438698E-7	0.6319133695072114	0.10345877918197038	0.04848292809947704	7.344175151796874E-7	1.2987418503663612E-6	0.2122661179714158
93	93	1.8563167343276833E-4	4.28274798830547E-7	3.163631120442643E-7	3.899107013618928E-7	3.1459963124351473E-7	4.40092200844667E-7	0.002041041506639064	4.687308890519893E-7	3.495946849958138E-7	0.13463120807692514	0.06517821482730739	0.5716609657414381	5.827241104759828E-7	2.3982832422423208E-4	0.2260598195599044
94	94	0.0016203829190096066	9.527910065660088E-7	7.038189704089357E-7	0.019367637881646773	0.060322635754879866	9.790814032710542E-7	9.020094866607939E-7	1.0427944320046946E-6	7.777498762869778E-7	0.36804887024930555	0.10412048026420488	0.1940555286508194	1.2963972974519387E-6	2.292545303049777E-6	0.25245551709235825
95	95	0.006077866082760064	7.264703853023466E-7	5.366377674563593E-7	6.613944556750764E-7	5.336464250278717E-7	7.465159089192225E-7	6.877512222565686E-7	0.35577762090674164	5.582927920915289E-5	0.08691100520986192	0.13979835562602622	0.08506496757738657	9.884583688286353E-7	2.016007753117725E-5	0.3262893143659498
96	96	1.6964134264685561E-6	6.568567150787714E-7	4.852147152177261E-7	5.980166546572087E-7	4.825100167179594E-7	6.749813861753572E-7	6.21847796940609E-7	7.189053217218658E-7	5.361828830983957E-7	0.23250799839201253	0.025966304524278363	0.12081380421892217	0.4132149685708671	0.00467960131722165	0.2028108520477822
97	97	0.2339219747172143	4.060188904297186E-7	2.9992285344795123E-7	3.6964843779254716E-7	0.0011219497091988922	4.172221843583753E-7	3.8437903843262526E-7	4.443726224440409E-7	3.3142750049668157E-7	0.07645055420687537	0.24426016066241882	0.1288156011539579	1.0345624552732012E-4	0.00716308166072833	0.3081605686525516
98	98	0.0030851313327346494	7.797946997288952E-7	5.760280049993453E-7	7.099420725193825E-7	0.0019571665623757837	8.013116030823948E-7	7.382334761306742E-7	0.030337938294874023	6.923615968919391E-4	0.2990885266345896	0.17231360546273117	0.11160608840104724	0.17034329829187125	1.8762925593197631E-6	0.2105704018204686
99	99	1.6390569343175854E-6	6.346480975125002E-7	4.688093899764283E-7	5.777974456932718E-7	4.661961385354105E-7	6.52159965421331E-7	0.1661575430568482	6.945988131790347E-7	5.180543014413063E-7	0.4304530024894598	0.12894852478987356	0.06672110418830231	2.0996712799618142E-4	1.5270500088845668E-6	0.20750267997642496
100	100	1.7563238498370424E-6	6.800542229968282E-7	5.023505257222606E-7	0.05479288456671576	4.995503082707592E-7	6.988189837684124E-7	6.438089322418232E-7	0.023148278887786724	5.551186820187279E-7	0.6085289064043544	0.010802428001040988	0.009428961959504645	3.5396687437945474E-5	1.6363033488000643E-6	0.2932561711643059
101	101	0.11594450199487975	4.833765353198882E-7	3.570663168146862E-7	4.400765219506453E-7	3.550759469822863E-7	0.3376986989447596	4.5761370277749256E-7	9.853685985684631E-5	3.9457345625042456E-7	0.05956820478278824	0.012603163477300148	0.20586616848927602	6.57697259652892E-7	1.1630699681413415E-6	0.2682164169014314
102	102	1.7955024059298782E-6	6.95224285468122E-7	5.135565275379857E-7	6.329473260880594E-7	5.106938452531871E-7	7.144076343221525E-7	0.4345845586085144	7.608972050371405E-7	5.675017903069116E-7	0.0010805128349782713	0.13602327297373043	0.22166281415719713	0.004265027354342387	1.672804591177321E-6	0.20237595053562626
103	103	2.002675199269604E-6	7.754422549580893E-7	5.728128894323008E-7	7.059795120375194E-7	5.69619898547844E-7	7.968390611456075E-7	7.341130064302058E-7	0.0022020140678760203	6.329825887368582E-7	0.265973936457316	0.08420926757147011	0.11226061811058428	0.32323825976869774	4.117234453765746E-5	0.2120679412151077
104	104	0.05985961730896956	4.113181306818597E-7	3.0383735913965996E-7	3.744729814944871E-7	0.16476248644124727	0.013354447222228095	3.8939584164191845E-7	4.50172444430926E-7	2.1185127988138596E-5	0.2597761471244371	0.08170606819408728	0.1837774421281155	5.596523364875025E-7	0.00115812998858662	0.2355819876152465
105	105	4.2600213294584664E-5	7.99676722265005E-7	5.907146934069595E-7	7.280430987126487E-7	5.874219137468642E-7	8.217422309854433E-7	7.57055833623542E-7	8.752165245421424E-7	6.527648429982271E-7	0.2775290685485245	0.0948061307663603	0.0440829786701677	1.0880652046832214E-6	1.92413142121726E-6	0.5835303969691669
106	106	0.18499074510360466	5.381133549865395E-7	3.974999604949418E-7	4.899101143189599E-7	3.952842042264504E-7	5.529615362533502E-7	5.0943317868429E-7	5.889451165054144E-7	0.002728091205980963	0.32299930410715305	0.11854031096305845	0.061495734866225976	7.321738915668654E-7	0.011266497334464302	0.29797511209815547
107	107	3.345769672868176E-5	3.156166300997018E-5	5.170666993804639E-4	0.010597997845118204	8.800436294526619E-7	0.03707522423085336	0.004009133438474166	1.3112018955883286E-6	9.779368596364756E-7	0.11329649839865347	0.06569923191227003	0.45232883643964666	1.6300802360315206E-6	2.882629265004988E-6	0.31640330978397935
108	108	0.2962839142465045	4.652621995272544E-7	3.4368540423327635E-7	4.235848362551597E-7	3.417696226873595E-7	4.781001962265716E-7	4.404648184818651E-7	5.092122278083926E-7	3.797869791272636E-7	0.04069757186604331	0.2577910479210701	0.10559697289218656	6.330503267947149E-7	0.0026778756641139723	0.2969486024934703
109	109	0.0019458962709213142	5.682939602745717E-7	4.1979412825445835E-7	1.492056187391574E-5	0.21090610428518053	5.839749160746774E-7	2.9344354587573952E-5	6.219766700486425E-7	4.6389035397298735E-7	0.30477582115226426	0.1640053141242147	0.06964021727300035	7.732385687743931E-7	1.3673928914113505E-6	0.24867758341646845
110	110	0.1550926229695278	6.584131920505848E-7	4.863644721027277E-7	0.051697573612474415	4.836533645934558E-7	6.765808110725492E-7	0.006191577943758728	6.848961870493455E-4	5.374534133237327E-7	0.33865560553265883	0.09614748701955554	0.13943932557951025	9.186923649892613E-4	0.00414001211984993	0.2070293642053728
111	111	2.08756085037792E-6	0.003073751510998312	5.970922109620377E-7	0.010120962177712169	0.0033398587086935286	0.17675652352096508	0.0031351672939778316	0.004589813178717603	0.009076085398477741	0.3875457168921243	0.1884686780685322	0.0629146246293315	0.012948433831402801	4.2917480880789686E-5	0.13798478265512482
112	112	1.5815641398528917E-6	6.123867032535591E-7	4.523650790213271E-7	5.575301876792609E-7	0.0010713772436893166	6.292843117054453E-7	0.2426354789839519	6.7023454250277E-7	4.998826389134783E-7	0.45137762347884064	0.08064157138452548	0.05762924570094956	8.332325364349622E-7	1.473486053624732E-6	0.16663739324185012
113	113	1.562688074075877E-5	2.8923066289146228E-5	0.019869051201975952	5.094333898902002E-7	4.11036568226527E-7	0.01229615602942855	5.297344626175933E-7	6.124150091853305E-7	4.5675895748169355E-7	0.1803823072605659	0.12461149552503216	0.20226103507153334	0.0646695612428937	0.010992206002585856	0.38487111834056714
114	114	1.2587578227233543E-6	0.15911723500211514	3.600347703874519E-7	4.437350768530744E-7	3.5802785371161734E-7	5.008437723872451E-7	4.614180521853965E-7	5.33435826076104E-7	4.327467525860347E-4	0.5741262629225605	0.06977799391777167	0.11045971142416762	6.631649940436105E-7	1.17273909412641E-6	0.08608029782353652
115	115	1.6685524314515487E-6	6.460688485244525E-7	4.772458058988452E-7	1.1520862385912152E-4	4.7458552793374825E-7	6.638958496290259E-7	6.116348983030607E-7	7.070984017378095E-7	0.1631708948234079	0.40037443812088025	0.04147208729203017	0.12619807846131412	8.790615186573556E-7	1.5545298957740518E-6	0.26866161000533056
116	116	0.016875014476987568	0.015837996860941242	5.117441067733288E-7	6.30713556648431E-7	5.088915273390197E-7	0.0023183661434827436	6.558476802409821E-7	0.3242441003780815	5.6549898832976E-7	0.2721193417109179	0.09993562848994994	0.04547624355713746	9.426055632209441E-7	1.6669010039114795E-6	0.22318782618007527
117	117	9.919806926044768E-4	3.9099905663757087E-7	2.8882782433616E-7	3.5597405409257945E-7	2.872178315666243E-7	4.017879077491584E-7	3.701597264584132E-7	4.2793397121816736E-7	3.191670217629494E-7	0.009159766837755726	0.04430380684679926	0.13850859819999137	5.320055676827879E-7	0.6144128019022703	0.19261967144761735
118	118	0.0020091892554035306	5.740318698923486E-7	4.2403267544020316E-7	5.226111123161428E-7	0.1923765544239847	5.898711520400683E-7	5.434373212176844E-7	4.225376455348826E-4	4.6857412876160116E-7	0.5040700228148653	0.08344709474971072	0.04111521898058659	7.810457483869708E-7	4.502699794108547E-5	0.17651045152796502
119	119	1.6526674191605193E-6	6.399181208600338E-7	4.727023133782354E-7	5.825953896891394E-7	4.700673618861797E-7	0.15561677473008886	6.058119899580623E-7	1.6918825976188016E-5	1.6740815465099806E-5	0.4146787981919438	0.12168300605904421	0.053311052834767975	8.706926458756382E-7	0.025464520859415217	0.22920689322805785
120	120	2.1274688469062657E-4	4.908328818988058E-7	3.6257425941282235E-7	0.5146289775675145	3.60553187040671E-7	5.043764513616504E-7	4.646726436193617E-7	5.371983916322081E-7	4.0065996692206384E-7	0.039786990396746165	0.07352943826743508	0.16167041475605187	6.678425984387951E-7	1.1810109564689055E-6	0.21016646240622494
121	121	1.5414431612472554E-6	0.17654734177537962	4.408895218813936E-7	5.433868114049628E-7	4.384319022111815E-7	6.133206831869427E-7	5.650409381197743E-7	6.532320921671084E-7	4.872016605353E-7	0.06076987486914248	0.0527287623324425	0.38753848804692914	6.815252749776096E-4	3.169002589298262E-5	0.32169703472846484
122	122	1.883360622988812E-5	6.743819841361593E-7	4.981604889908916E-7	6.139720411716174E-7	4.953836277685108E-7	6.929902306157056E-7	0.12376331541551149	7.3808607895665E-7	5.504885133440094E-7	0.3304780102254976	0.1792216804325538	0.18597833780972312	0.004308084357537944	1.6226551673329966E-6	0.17622585203481386
123	123	5.801844978658718E-5	1.0891026163508123E-6	8.045112483506654E-7	0.020178677832939227	8.00026717485844E-7	1.1191542642348146E-6	1.0310560082175429E-6	1.1919824351676339E-6	2.8491873145242966E-5	0.2275116246013753	0.12624848620766108	0.22590342021042314	0.0024029301670734425	0.31669016472599276	0.08097215009831352
124	124	2.376733403298436E-6	7.089253133881295E-5	6.798024605538472E-7	8.378418472031106E-7	6.760130851752117E-7	0.003966039983160305	8.71230095032311E-7	1.007211016657818E-6	0.16634811960268114	0.2754649560731349	0.05893407277689379	0.3491862694262661	1.2521601572505679E-6	9.551065320120488E-5	0.14592643796125856
125	125	3.4259112176743836E-4	7.076432046465935E-7	6.820498222262839E-4	0.00633167223947187	7.22595103521195E-5	7.271692291866873E-7	0.2491167569565319	7.744892516471326E-7	5.776391790816922E-7	0.3314431696690252	0.10591913051839408	0.09839207063142504	9.62841516914042E-7	1.7026862070147467E-6	0.20769484706221758
