0	0	0.24889325669028722	5.185958644353961E-7	6.935800738534131E-7	4.2403508742170636E-7	5.855909595793706E-7	3.508433435329144E-7	0.01944287770582871	0.30241607410301535	7.96043275950911E-7	0.16178269766839382	0.0017482098534780165	0.26559014698424904	2.269893278705555E-6	1.2060172419494803E-4	4.966886693689241E-7
1	1	0.26711398743960213	1.232546635167233E-6	2.3495606027491886E-5	0.004239359652095164	0.027943927926593573	0.013917483989451146	0.007365605385468439	0.007866982223638623	3.732939218792558E-4	0.08847967480540611	0.1139370215672046	0.21206813306297498	0.032929086787568645	0.2168358274717384	0.006904887613716277
2	2	0.2489118182494882	1.1285266863522474E-6	1.5093132748328091E-6	9.227511149285631E-7	1.2743160339148166E-6	7.634771178459072E-7	0.012344941149413187	1.8306737497705063E-6	1.7322854693026223E-6	0.04610656442180094	0.6171684699617733	0.075410618035266	4.4946353118623995E-5	2.3996316855970434E-6	1.0808540071985981E-6
3	3	0.08420639385590489	7.714002804963619E-7	1.0316855574999695E-6	6.307431428006539E-7	8.710540547165E-7	1.4195120556497345E-5	1.9449113558508438E-6	1.2513503323832877E-6	1.1840973838546157E-6	0.09031094198757181	7.545362897855589E-4	0.42453919934361833	0.40015099583864494	1.6402594442323535E-6	1.4412062366053553E-5
4	4	0.17389166502789152	6.925571706757687E-7	0.004628878784749043	5.662762867030398E-7	0.2490140907393306	1.2744268803847821E-5	1.7461262847305718E-6	0.006679123942625233	2.4657779731769634E-4	0.08746384395850952	0.001954093375280798	0.4396050462031907	0.033896338955791305	0.002603928685489743	6.633012778444672E-7
5	5	0.17232622551875906	7.174188943603578E-7	0.005774212355333095	5.866047233509613E-7	0.24385080337919818	4.853521998003327E-7	0.008992314923863508	0.003930536327825275	0.0011074294283903818	0.09750867361078012	9.433469234291283E-4	0.45804391356784824	0.001122184749660703	0.006397882726334181	6.871127605460512E-7
6	6	0.10636876770203711	1.0734289561192758E-6	1.4356245117229356E-6	0.5487140930694023	3.9265654019659316E-5	7.262020965399507E-7	7.881351545173988E-5	1.7412952976441602E-6	1.6477105995823137E-6	0.021898616638233195	0.014730214656433501	0.30815559554716515	4.698396843784701E-6	2.2824751656224246E-6	1.0280837863167617E-6
7	7	0.2978276202522447	8.869790210354388E-7	0.20517209226821723	7.25247254209131E-7	1.0015638991267317E-6	6.00063954853213E-7	0.014057622521522107	0.0030986548156016515	0.0035230690158245077	0.11627824091378129	0.03015750384915279	0.31394907135773154	0.01593017562251615	1.8860191691312293E-6	8.49510109757392E-7
8	8	0.25516540303007873	1.4122367338151798E-6	0.009238779067502055	1.154729468456964E-6	0.2186830954672285	1.0108430651195812E-4	0.01161851214270458	5.235534874898641E-5	2.1677796394083996E-6	0.1095394249120058	1.2975192368693645E-4	0.3816385350849358	0.013798936272699104	2.803511884687333E-5	1.3525792090846085E-6
9	9	0.14281166450235586	1.1109266200051381E-6	1.4857746079170152E-6	0.31455183589990443	1.2544422932090647E-6	7.515702235818281E-7	1.997152657123058E-4	1.8021232690016222E-6	1.7052694141569461E-6	0.17635521547247554	4.2994191872017496E-5	0.3225631864064927	0.04088427441665562	0.002581939740678236	1.0639974255436945E-6
10	10	0.3471475694542198	1.2220911835016115E-4	1.3067575876927323E-6	0.0072400838463520046	1.1032978866638255E-6	6.610155316399993E-7	2.4634712128825405E-6	0.03183365605492029	1.4998060500805051E-6	0.08087799701833039	3.176209403426261E-6	0.28904993710557947	7.355210539770123E-5	8.867190918802522E-5	0.24355611282998982
11	11	0.36271127812670123	7.151272427707295E-7	4.31933487159228E-4	5.847309315435276E-7	0.22777218490712867	4.838018389875E-7	2.715462351400423E-5	0.004184172728272794	6.447669816196643E-5	0.12845571440682324	0.00801342772898083	0.2542750802939848	0.010764880870954159	0.0032972275503898416	6.849179158572128E-7
12	12	0.14180298216471762	2.1330787134108526E-6	2.852820458168049E-6	1.7441331116346175E-6	2.4086416732314644E-6	1.4430822132504288E-6	0.21918597166656453	3.4602382505083557E-6	0.002423070369841713	0.10900186101953468	6.9340750349259045E-6	0.5273223677218665	1.983830524432885E-4	4.535651066540739E-6	3.985228450992697E-5
13	13	0.1023361226571108	8.612651705663891E-7	1.1518725882227392E-6	3.123647117395811E-5	3.1504777296956904E-5	5.826678784624214E-7	2.1714853533052143E-6	1.397127386011474E-6	1.3220397516793106E-6	0.0606055489063062	0.00534594333901599	0.5264201032175606	0.3016471248026903	0.0035741044882201013	8.248824969095175E-7
14	14	0.14335716140236598	5.69339924442869E-7	1.0853128132240325E-5	4.6552647483341904E-7	9.14680282166251E-5	3.8517299576961177E-7	0.0046032424436001085	6.568829005419394E-4	0.21031152634620406	0.1229765982871179	0.04051995391322376	0.4193486491033623	0.052731530332344165	0.005390168786362401	5.452891333755711E-7
15	15	0.26064485626689304	0.023323708308121804	4.318394272355442E-5	0.0250927916971425	0.022284740330360365	9.693987884505831E-4	1.9972908901751026E-6	1.2850511730357755E-6	1.2159869963936638E-6	0.16952202969064678	0.005282175673857278	0.23814214728579958	0.08978475919426793	0.009198860874313479	0.1557068496183634
16	16	0.23177235375593372	0.0011893810879145142	8.154198917506079E-7	0.014157685094271857	2.708637767641825E-4	2.2026500586101737E-5	0.003222026981300022	0.2738074615051201	0.0010600231221709485	0.09680853577234946	0.001298823480184831	0.2759342719297222	0.09896248346498558	1.296422314663349E-6	0.001491951686490018
17	17	0.2054170486149852	0.001353581777410973	0.050611247222893736	3.5873627076635456E-7	0.001034794405509329	0.15631942492007175	0.012762644862334832	6.150697555712099E-4	0.0014782434460179	0.18177950014354163	0.014154991365851325	0.36233041734533217	2.5250396011962948E-5	0.012117006806552847	4.202016443137145E-7
18	18	0.1798227473416603	8.042358805703854E-7	0.27864878325142073	6.575914991081062E-7	9.081315400463261E-7	5.440861076585035E-7	0.01924663839765848	1.30461559570442E-6	0.0019542061041876633	0.2851472078529839	0.014913623832999469	0.2157519096476465	3.520139177716054E-6	0.004506374509330323	7.702623117022784E-7
19	19	0.20128683615289228	4.40059658307202E-7	5.885442427137579E-7	3.5981917419302194E-7	6.289818363840206E-5	0.1916502124141126	1.109510909359276E-6	7.138561050779788E-7	1.6275809065022856E-5	0.1712754051826682	1.4305176228901127E-6	0.4346162244761708	0.0010861482870973527	9.357165518524266E-7	4.214700909069361E-7
20	20	0.14250497709218357	0.47883287126508395	0.007478304784115195	8.351309947158585E-7	1.1533129570567221E-6	6.909809097535588E-7	3.878308213749226E-5	4.904639778238444E-4	1.567795761723382E-6	0.06099112316477237	0.0020309646115213827	0.30244290943367014	0.0051822053729816495	2.171773909695569E-6	9.782211774886536E-7
21	21	0.1598790567435079	9.166076709411685E-7	0.0026170062815822743	7.494734156858358E-7	1.0350201426473524E-6	6.201084930189958E-7	0.042943351878313406	0.002925961876295197	0.002259751553131865	0.05033243609410829	0.21992349764860133	0.5074108779239207	4.011990326503079E-6	0.011699848913342206	8.778871480372795E-7
22	22	0.20449196622205296	0.004737188984617124	0.029195149289438234	7.307156587006646E-7	0.17484792455738452	6.045884703296695E-7	0.020594841516901583	0.011438256442657868	1.3717763081294687E-6	0.23820772381659097	0.020658855223038043	0.2894191762956594	3.911578573402355E-6	0.006401443077185769	8.5591546306668E-7
23	23	0.14155528800942735	0.15643044364978603	1.5285544603584543E-5	6.556474417801644E-7	0.004804941329551717	5.424776096988136E-7	0.043821082729532584	7.26170078308009E-4	1.2308503539105925E-6	0.30940459550359806	1.0209849674342482E-4	0.3336799555394044	1.1721472379310086E-4	0.00783313629985766	0.0015073591199885863
24	24	0.26108398313300296	9.338742404921438E-7	5.0908392738941426E-5	7.635915987087413E-7	1.0545173035879006E-6	6.317897681853589E-7	7.472457234840335E-4	1.5149123882766674E-6	1.433494481366317E-6	0.07572955539044333	3.0357782936206665E-6	0.11335407253736633	4.087566074128316E-6	3.5092008617465284E-5	0.5489856872901986
25	25	0.3475274067189526	3.403404914969986E-4	8.282644274270691E-4	9.777905111979617E-7	0.012316540483034814	8.090162875655693E-7	0.018825543198649028	0.0019308250735037926	1.8356112142994726E-6	0.07740842604230688	0.002865420356778579	0.2913229372470701	0.0037782184377499303	0.0018678383459536745	0.24098461675906352
26	26	0.06489135244396836	5.428889416595542E-7	7.260701021215755E-7	4.438985646125688E-7	6.1302235149438E-7	3.6727823054711396E-7	1.3687716925901386E-6	8.806637419884868E-7	3.0876396295956743E-4	0.06767677011087854	7.331000343929816E-4	0.44703723941200385	0.4193461571200514	1.1543665931173985E-6	5.199555271069434E-7
27	27	0.1691039124436536	0.013928632228378552	0.0019185261525487044	7.075814980706965E-7	0.22298329739394726	5.854474451975355E-7	0.012902239030065571	0.015110269818470329	0.007118601276540636	0.19750335363461616	9.48468030267737E-5	0.33260812016517516	0.017812309015148287	0.008913770191958164	8.288175275393814E-7
28	28	0.18155553788159778	7.00241982020199E-7	9.36517081819754E-7	5.72559849441826E-7	7.907031318797783E-7	4.737315800262932E-7	1.755328193717252E-4	0.004332906906815306	0.013852812470411787	0.05545581316260551	2.276301580155552E-6	0.2077498825384403	0.3102646104848222	0.22660648301927253	6.70661457481017E-7
29	29	0.1393154990430339	8.374350711455399E-7	1.1200017553647849E-6	6.847371488197405E-7	1.578935011019273E-5	1.638475819681713E-4	3.1798864194117996E-5	2.0917069799981198E-4	0.1317097063971749	0.1305199836409023	2.722280047001355E-6	0.4634344871295214	0.13459177011013784	1.7806718756882055E-6	8.020590592695799E-7
30	30	0.23070345235619916	0.238199427804967	1.3352711803358676E-6	8.163467392303869E-7	0.00405368608928711	6.754389624105427E-7	0.00646183570399473	0.007558137357853176	0.0025675631608522856	0.11876185690361368	0.0015074703660451585	0.38684930265219586	0.0026411876492056932	2.1229250988688515E-6	6.911299738053449E-4
31	31	0.30708561414441665	7.76774522246138E-7	1.0388731716815323E-6	6.351374452362753E-7	0.31382648566402793	1.4294016047549985E-5	1.958461291043376E-6	0.002162915863565973	1.1923468306813883E-6	0.04283295831880128	0.0026873841973808787	0.30984500371077534	0.02153734684380134	1.6516869106314918E-6	7.439610114788693E-7
32	32	0.12911717742979273	0.043754375060766466	1.0467131246725988E-6	6.399305690258315E-7	8.837418579168892E-7	5.294735910442732E-7	1.973241001286303E-6	1.5141991121948049E-5	1.2013449869110447E-6	0.04473765636949661	0.002513451002027738	0.5655490394267583	0.0021952669441110445	0.21211086775541182	7.49575382430176E-7
33	33	0.38196753205805717	1.1454827097775607E-6	1.5319905863697854E-6	0.008020995379911154	0.11108418333789115	7.749483006291252E-7	0.004632187818169566	1.8581794768043515E-6	2.2062259159599593E-5	0.13885740412283384	0.025160313052016964	0.31986614828686843	0.009832123755844111	5.506422344220647E-4	1.0970937524230924E-6
34	34	0.19984035729105915	1.1225040738135423E-5	6.455521040285736E-5	4.901550426171978E-7	0.0024976882070772036	4.055504817937687E-7	0.010701470484742523	0.0015629326962984225	0.004516791679098843	0.12212974469031676	0.006855447801212313	0.4476332728962202	0.20401376022202694	1.7128393775648303E-4	5.741375256993458E-7
35	35	0.24816018403313694	0.004411780007828329	9.401930152305495E-7	5.748072103507735E-7	7.938067293655282E-7	4.755910290172116E-7	1.7724315889859641E-6	0.003178611110164457	1.0790885668213007E-6	0.12739709725443227	0.006020788624353073	0.348822620215246	0.057608752273843156	0.20439385726897782	6.732938780815008E-7
36	36	0.333772623062175	7.366985791688294E-7	7.93341921172452E-5	6.023689501677791E-7	8.318693948049708E-7	4.983953988390084E-7	0.011584439023703071	0.22951129008233195	0.001254713506874624	0.05646262713703517	6.768557674204934E-5	0.2398768401608803	0.12738550587598862	1.56647182090301E-6	7.055780080539495E-7
37	37	0.29734157881231793	0.02329921208680249	1.0838044283949993E-6	6.626071348751515E-7	0.14262103259571654	5.482360058029074E-7	0.001969910634024018	0.0029028417837705014	0.0029745911139570746	0.14872390738030056	0.014797550308746125	0.33463644667478476	0.03065631472170316	1.723122356858037E-6	7.259611795080644E-5
38	38	0.27838781796636947	0.030865180984980183	1.134893668684002E-6	6.938416401456048E-7	0.013101754261837593	0.002963670319823816	0.008470277464243175	0.008243898055503194	1.302552521233616E-6	0.09945078644489885	2.7584763817806473E-6	0.34010765533540516	0.0663349549056958	0.1474196025940632	0.004648511902967637
39	39	0.4201998579325732	0.0020146570535557475	2.348315100062824E-5	0.02274309281896813	0.021476043947663708	4.318528348375552E-7	1.609428184213122E-6	5.554563834458948E-4	9.798491312705323E-7	0.10952569533128863	0.1908020614683955	0.19870773243904633	0.01975828094881972	0.0033618267542480204	0.010828790640844086
40	40	0.30116861998085015	0.0023951117959278324	0.0054607188880522505	4.7611628518563275E-7	6.575149099299458E-7	3.939349227458461E-7	0.005956828133803127	0.028900438602984756	0.0010020548584684214	0.07148430990138993	0.08404781423839279	0.18100259490722959	0.31758734548898865	7.443679956514424E-4	2.4826764214312214E-4
41	41	0.43288852323111915	7.511166269142631E-7	1.0045578094512926E-6	0.2602571367691296	0.0028499833986024097	5.081495762729768E-7	1.8937707104720468E-6	1.2184465892895275E-6	1.152962029423422E-6	0.09420701314635443	0.035709828301359936	0.17119961931653246	8.316993297694324E-5	0.002797477513593104	7.193869900391291E-7
42	42	0.2905235013823327	1.4947000266133459E-5	1.0675651905007287E-6	6.526789277080951E-7	9.013472962762494E-7	5.400214841722637E-7	2.0125508659318395E-6	1.2948693972329397E-6	1.225277546997361E-6	0.05002916456070264	0.035516013730820896	0.094441508708453	3.4938417954172243E-6	1.6973038667865462E-6	0.5294619791610535
43	43	0.1871064077551899	8.753228227388479E-7	7.874717202559662E-5	0.2975996791211375	9.88401888371055E-7	5.92178239089338E-7	2.206928544133747E-6	1.419931432319593E-6	1.3436182104657603E-6	0.16435258831426036	2.8454431121057555E-6	0.34197102352189784	0.007901118830169264	9.793251147627025E-4	8.383463076161289E-7
44	44	0.3402667029281907	6.0506853631449E-5	2.2200823228277657E-6	1.357295051187728E-6	1.8744196766596767E-6	0.08824201767842432	0.06476517529908693	2.692778562608567E-6	0.015273313088775387	0.06296429923799352	5.396139587447358E-6	0.42834321208897636	3.668914686503037E-5	3.295311075863406E-5	1.589852096944533E-6
45	45	0.36960374603482643	1.2608078976284747E-6	6.721295855499521E-4	1.0309121683315486E-6	1.4236860670328058E-6	8.529687347936489E-7	3.178841983394396E-6	2.0452577237250655E-6	0.0026837087641432018	0.1737104602578787	0.004697202051080398	0.15145070996000193	0.2764740108036694	0.004382910837909597	0.016315329230365525
46	46	0.34757284119351317	1.0234051288177288E-6	1.3687216838879877E-6	8.367974236325762E-7	0.17010080629438315	1.8832452552853158E-5	0.0015082079913672258	1.6601476308574743E-6	1.5709241573994785E-6	0.11812713731103182	8.196309979178529E-4	0.34739893412918216	0.014407713167702159	2.176107489537042E-6	3.7260358835487046E-5
47	47	0.08747350516480414	0.005030548462325987	0.0010110488702022925	8.62487504439778E-7	0.016921978239205757	0.16573094264426375	4.0053505305032406E-5	0.013127006780368343	0.001871319389517923	0.20961091102672286	3.7736900194231747E-4	0.484044649412425	0.006342900767897588	0.00841589398260111	1.0102649135293896E-6
48	48	0.1801767193501808	7.179941039983645E-7	0.177155395503885	5.870750492557072E-7	8.107485716078442E-7	4.857413438071989E-7	1.8102597595658465E-6	0.002024695980534749	0.005689897561172075	0.09907586734971349	0.039760269045291424	0.4407084455187477	0.011724352059951476	0.04367925814802352	6.876636714369832E-7
49	49	0.15971781645083438	0.22262464174981214	4.937286340175782E-7	1.3388928950938411E-5	4.1685601340858464E-7	2.4974968469650094E-7	9.307665693570993E-7	5.988525145027645E-7	0.005097983290478673	0.18196885296287718	1.2000584843561468E-6	0.3725818325468525	0.05799045551702779	7.849708168811851E-7	3.5357044918703387E-7
50	50	0.22016748751227821	9.919863401566058E-7	1.3267015922243352E-6	8.111075373256192E-7	1.1201366471642966E-6	0.20728886912471667	2.501069219961995E-6	7.194193088894345E-5	1.5226964001661283E-6	0.04367552575069453	0.003977025071546989	0.27429580259025393	0.2505120149398539	2.1093004554579424E-6	9.500815743313979E-7
51	51	0.27443972729842836	5.467454302293531E-7	7.312278440367912E-7	4.4705186100380757E-7	6.173770426847042E-7	3.698872435318159E-7	0.1386047683834983	0.3863207674347608	0.0011347084051382325	0.017550130928370596	0.021496835272900132	0.159389931030031	4.4818781335598625E-4	6.117074949902146E-4	5.236491049148869E-7
52	52	0.17511787889520788	0.004252954991663915	0.001982900006824065	2.5280785269607544E-4	7.652295187160423E-7	4.584696510842056E-7	9.780528602521385E-5	0.009070221832750205	0.13546129790545347	0.13638442828504443	0.0015397495649149028	0.47095641625633816	0.061997325514286016	0.0018272775686265016	0.0010577123409992847
53	53	0.28823578022167323	6.723912895993081E-5	1.0033555542602506E-6	6.134229863352732E-7	8.471349797496205E-7	4.040088818447432E-5	3.875271896091726E-4	1.2169883519206091E-6	1.151582164002132E-6	0.11340264598778951	2.4387593968734836E-6	0.287310428918376	0.07512245565414907	0.23539893667729017	2.7314090535278933E-5
54	54	0.6370923111315753	0.010526575973398967	6.709051305114858E-4	1.3411943307587333E-6	1.8521846385564325E-6	1.109693790181138E-6	0.034137490575981116	0.12493539193730982	2.517831095619185E-6	0.08411042336137983	0.097201078014648	0.010841574130681847	2.9792359889729863E-4	3.4878011638934025E-6	1.7601744059738368E-4
55	55	0.254651632776997	1.2902877338105312E-5	9.21567034067178E-7	0.0026509609790563607	0.16077120698527553	0.006082945360438738	1.73731829112582E-6	1.1177855558896666E-6	1.0577109528700904E-6	0.022118443983015747	1.4453777580676914E-5	0.5518676194765658	3.9657471641221205E-5	6.732249339013479E-4	0.0011121169963554756
56	56	0.19019323514982447	8.44391395822071E-7	0.017183283176802115	6.904250571596154E-7	9.534745678667262E-7	0.20536323089623026	0.00796459049216493	0.006182754379593016	0.005149955486813903	0.07654046005387914	6.01426212784988E-4	0.476593594436491	0.013952970645676263	1.0656469431257983E-4	1.6544608440637208E-4
57	57	0.20251599208796442	6.150740725214338E-7	8.2261188316491E-7	5.029214577258585E-7	6.945327586296E-7	3.312310433709432E-5	8.30127876076904E-4	9.977610386591876E-7	4.043303596792963E-4	0.0609433370416779	1.999443219833774E-6	0.3944669239361984	0.3407986363015744	1.3078567403508942E-6	5.890913206116661E-7
58	58	0.344811270204662	0.013190328103803377	0.19404237925267964	6.985381711890428E-7	9.646787497153485E-7	5.779650666540233E-7	0.0021675899543062054	1.6528759991241094E-5	1.3113693433983945E-6	0.184151959285215	0.052048955582627086	0.20951563346184016	4.916805711983216E-5	1.816561694768592E-6	8.182247296112002E-7
59	59	0.39756735589926695	7.173185554276228E-7	0.005328392456609838	5.865226802205934E-7	8.099857519193112E-7	4.852843179503962E-7	0.008762193775090691	0.06025583060234968	0.005938836781751487	0.040953043108644116	0.243563927236816	0.1205969457488473	3.082910015237386E-4	0.11672189726113431	6.870166602598672E-7
60	60	0.39298399682182866	8.836724827696414E-7	1.181840558117193E-6	7.225436301759408E-7	9.978302038762647E-7	5.978269972909793E-7	0.24030856660578298	1.4334760862677325E-6	1.3564349164594064E-6	0.07895770133179217	0.007756205763827406	0.2799640993878897	1.9531132409802574E-5	1.878988343818721E-6	8.463432505437259E-7
61	61	0.15475780469125652	1.176758437402615E-6	1.5738193454548989E-6	0.5382498001844337	1.3287786305468354E-6	7.961071289266572E-7	2.3825246029750046E-5	1.908914345780492E-6	1.806321079194699E-6	0.037939957082657676	3.8253306132731745E-6	0.2686319671755865	6.772561707782758E-5	2.9451860933443167E-4	2.1985364043053647E-5
62	62	0.13858847064155558	0.5219763363098291	0.0014285555639139906	7.398095390000819E-7	1.021674363041998E-6	6.121126763790681E-7	0.0017183033165983806	1.467730443199865E-6	1.3888482969327309E-6	0.040509937183300745	6.765199958071959E-4	0.2950898960987027	3.960258832138754E-6	1.9238886655032377E-6	8.665674761648929E-7
63	63	0.25242515403219873	6.915299968584801E-7	9.248655054647181E-7	0.33069644845302176	7.808656840701116E-7	4.6783769962237917E-7	1.743536498244635E-6	1.1217863323371636E-6	1.0614967103852107E-6	0.2442917836939128	0.008607033550649746	0.15774080389554335	4.197828219431224E-4	6.275807455344813E-5	0.005749443559750016
64	64	0.19831851037870796	7.036130011856762E-7	0.2265993191990879	5.753161969265665E-7	5.068132303965782E-5	4.760121605635428E-7	0.0168136301174094	0.004253992229632529	1.0085367089322241E-4	0.0744178650668816	7.711747997480095E-5	0.42298892672548255	0.04917900602364757	3.3823211108662796E-4	0.0068601107327974226
65	65	0.2213527961324182	0.0010075242226281456	0.01406196834758245	7.370671180376746E-7	0.00511402252397621	0.005385242851839991	0.01061175738538116	0.0017430794941111724	0.1627706906873303	0.17527917960407505	0.05675728179549998	0.2990930454909872	0.030937623631601737	0.0022708125645665798	0.013614238200883822
66	66	0.11020783840352322	0.029598476326939394	0.0010953973081608427	1.029646582194849E-6	1.421938297043472E-6	0.07120381002361378	2.549561603970303E-5	2.0427468892421304E-6	0.10577961899394256	0.14242682511609048	0.003195950264158391	0.5212299967688834	0.01522821316671945	2.6776153652144223E-6	1.206064795109785E-6
67	67	0.4601656155165779	0.002831364952737459	0.019223574983985855	5.463567023850425E-7	7.545166782485929E-7	4.52051299320315E-7	0.1328786174223344	0.1835581481346356	0.0033291670539745155	0.06323393702001068	0.06391196167577516	0.07031605454876345	2.9246905345976206E-6	3.695256937302903E-5	5.099285066173001E-4
68	68	0.2304088625281865	8.80060902540641E-7	1.1770103613228457E-6	7.195905855352898E-7	9.937520596469413E-7	5.953836710520411E-7	3.6100238938564333E-4	1.4276174519967149E-6	3.254945765863387E-5	0.06988380233660957	0.005166223602471385	0.2778371278495978	0.08698545545016217	0.32931834008666094	8.428842353427192E-7
69	69	0.18780570037563335	0.011523703965569537	2.0265313823432124E-6	1.2389635231307862E-6	1.711004253929707E-6	1.0251088126068903E-6	3.820373242462046E-6	2.4580170774372965E-6	0.025920535948877676	0.18795232593563743	3.5408292766661434E-4	0.33113241109052816	0.15414612180089507	0.10104395371612206	1.088842407782396E-4
70	70	0.15544351103877624	2.1630157618543324E-7	2.8928588419931645E-7	1.7686114382554812E-7	2.4424461559264384E-7	1.4633353909013E-7	0.6846984687954178	0.0013039093560120083	0.002764642790267863	0.029628874860079858	7.031392465795281E-7	0.12611886319158364	9.46751656979124E-7	3.879988591397244E-5	2.0716428615355338E-7
71	71	0.12499399642732831	4.43353393059033E-4	7.430199091351556E-4	6.005261360758059E-7	0.23969200800384827	4.96870668747759E-7	0.0021758918646506906	0.003099524039621431	0.018174540657631404	0.03810346077146979	0.0032569385759851654	0.541907369019533	0.02628696926696184	0.0011211272545223463	7.034194487592415E-7
72	72	0.21879230565850058	7.293744059266531E-7	9.75479345328287E-7	5.963802667747497E-7	8.235990441694504E-7	6.5135091477954E-5	2.769561304496205E-5	1.183176786895769E-6	1.1195877778946926E-6	0.09546197259290289	5.408432424480755E-5	0.41158490663757574	0.27399329469304345	1.550898136740044E-6	1.3626893445844112E-5
73	73	0.34480010790845506	1.0395471329965822E-6	0.0018808640989477654	1.4825970500727983E-4	1.1738416074763876E-6	7.032801780971602E-7	2.620983003281103E-6	0.10663418451761879	1.5957020909854656E-6	0.04578797538813712	0.07759616482187222	0.19454194794924845	0.22087957268827108	0.007722793935186591	9.956332428460274E-7
74	74	0.31567268137670396	0.009475719282706335	0.059234529999680784	1.1008820638220332E-6	1.5203142458259263E-6	9.108612838036711E-7	0.2754045615553939	0.004321734438765678	0.001958990061703301	0.07887204834521479	0.01826103987716392	0.22945858734806968	0.007332423286759927	2.8628645793154428E-6	1.2895056650538162E-6
75	75	0.0908533198546133	7.323949030928221E-7	5.290699591810374E-5	5.988500064463298E-7	8.270097459417627E-7	4.954838520883745E-7	0.05118935692409364	1.1880765778712356E-6	5.203989932512998E-4	0.10790447590942819	4.132642990356418E-5	0.33319123563367964	0.41624087866715204	1.5573207413570632E-6	7.014561334109379E-7
76	76	0.1823073537508056	6.539214521551819E-7	6.499654788978901E-4	5.346854056258956E-7	7.383986586047907E-7	4.4239455887640063E-7	0.022453239717257857	1.0607784923028795E-6	0.005495094699569513	0.09751358547073509	0.012010307593762998	0.26523350605819646	0.35946013643114083	0.05409616341109548	7.772172099706646E-4
77	77	0.21948761715747148	6.47435227367211E-5	0.3094867384304174	1.4523323843984725E-6	3.3489324382596424E-5	1.201648554042291E-6	0.04930788748725714	6.58486429607065E-5	2.7264711419892183E-6	0.05493699273920713	0.022201753206717398	0.2973911944794046	0.04701287656660033	3.7768177694275483E-6	1.70117299460853E-6
78	78	0.19268291384886474	6.445823330859451E-7	0.1977854610370946	0.010374764000019241	7.278530602450073E-7	0.0017485178533646873	0.003155027589760917	0.0012007095933366388	0.008969905738787252	0.08402145635957214	1.3520737865886107E-5	0.4357624037564262	0.023699040979065524	0.04058428871739357	6.173530551920898E-7
79	79	0.1241689928049754	1.1239850156629762E-6	1.5032391571853187E-6	9.190375725348876E-7	1.2691876449718787E-6	0.15910499695073435	2.8338740288796415E-6	1.823306341084917E-6	1.725314016844717E-6	0.11581052640002408	3.653778169431425E-6	0.5675811661350941	0.02411162218763234	0.009206767295401498	1.076504191617593E-6
80	80	0.08448978040431178	8.416452645502228E-7	1.1256325489225707E-6	0.4719279991023134	9.503736760993704E-7	5.693945110899154E-7	2.1220181973080523E-6	1.365300361138135E-6	1.291923248000744E-6	0.028358853418761164	2.7359662728288774E-6	0.24131771397521476	0.0012120708112919678	0.17268177394262665	8.060914002567847E-7
81	81	0.2265172804614674	3.5674113150753244E-5	0.00650669866831526	8.00244837220581E-7	0.03022080891520067	8.740064616660091E-5	2.4675738280094455E-6	0.029510035465453822	1.5023037967382727E-6	0.03516270274995234	0.010342414250331727	0.22947355699522215	0.30936592413369923	0.1227717961209038	9.373576743029096E-7
82	82	0.14946295217129718	8.541046179880898E-4	5.5202361279836984E-5	6.248310612731506E-7	8.628894909869918E-7	5.169803754052965E-7	0.002941210447323483	1.2396211756434E-6	1.4718085081752189E-5	0.052730164948360074	4.359268813279387E-4	0.5426553181112012	1.6889856448546584E-5	0.2508295363088425	7.318887460260847E-7
83	83	0.1243856628026318	8.138536913787572E-7	1.0884635649512978E-6	0.006448973518702559	9.189918330925482E-7	5.505928022407094E-7	0.1567089210520643	8.787468806454804E-5	2.464869300863939E-4	0.07776827945862637	1.0362583896824222E-4	0.5895641989706827	0.03971763851758754	0.004964186846859321	7.794738345474386E-7
84	84	0.1166716166452592	7.258366920502192E-7	0.002072336117968449	5.934876196949281E-7	8.196043087585277E-7	4.910470548680837E-7	0.0037457264472246887	1.1774379771661383E-6	1.39797808128139E-5	0.023466083371275467	2.359503216705355E-6	0.8509309255639004	0.0030909266059734705	1.543375753428129E-6	6.951749627738805E-7
85	85	0.2790202180728865	9.554858539170494E-6	1.2778851405750745E-5	7.812625502461798E-6	1.0789208253115595E-5	0.09467986671436932	0.1285699089837339	0.003233379219430313	1.4666682506328276E-5	0.17172243690546202	0.0012165948779651373	0.3214307032893057	4.182160071919995E-5	2.031688003418151E-5	9.15122988687099E-6
86	86	0.3530123231426895	6.751927871922639E-7	9.030158073395907E-7	5.520781251414E-7	0.16450021423936192	4.567851601472836E-7	1.7023459187152957E-6	1.0952844327878393E-6	1.036419136894048E-6	0.1070286062701859	0.0028984384047923088	0.25340803205164003	0.013622480685006468	0.1055228374145325	6.466704230338074E-7
87	87	0.11832589547951321	0.11839855305298787	9.826699688545945E-7	6.007764090379698E-7	1.1804233809351302E-4	4.970777426561362E-7	1.8525082255781721E-6	6.631004731069766E-5	1.4151470455571529E-5	0.05980368420178364	0.0034666740016071145	0.563426846935137	0.13632154887866665	1.5623303876455681E-6	5.279823171087111E-5
88	88	0.19614328004121845	1.2934131224879184E-6	1.7298355627938064E-6	1.0575721560441982E-6	1.4605034159978425E-6	8.750270019161295E-7	3.2610486842376963E-6	2.0981492769133055E-6	1.985385711288184E-6	0.3050983841448341	0.009839478730447925	0.3249054312905984	0.004453314395724327	2.7502363469323002E-6	0.15954360022589825
89	89	0.3871663837524954	6.285393201058978E-7	8.40620564017494E-7	5.139314518816148E-7	7.097375217114359E-7	4.2522289846630463E-7	0.011877896019682364	1.0196040979196797E-6	9.64806188699153E-7	0.13565217187712358	0.0036340108359844913	0.05668421473623205	4.483913144820287E-4	0.40453122701420535	6.019877518486021E-7
90	90	0.26068901422577706	9.678050444556645E-7	0.2981476946230067	1.7945903943990256E-5	8.686567390021452E-5	5.211845027714786E-5	0.006641258105082632	0.008098526278989993	2.931132424132287E-4	0.0704870368907561	0.01782674273384322	0.26222285755456193	0.018582633749946058	0.05685229784068114	9.269217760973856E-7
91	91	0.47838369906740147	6.630438811551705E-7	4.474858072199301E-4	5.42144450797264E-7	7.486995736682264E-7	4.4856611501671444E-7	0.020698011418441978	7.159121454731129E-5	1.0679122734406309E-4	0.12541131853878953	0.05191341742991682	0.040204380714826245	6.16651735448979E-5	0.2826986019192203	6.350347267476027E-7
92	92	0.13465647904680617	0.004695603250083163	1.2975217591878983E-6	7.932678191459828E-7	0.19681455931223898	6.563436428774951E-7	0.015668419457397886	1.5737879364802225E-6	1.489205804404095E-6	0.2472151950610683	8.28583753164572E-4	0.3982852869073564	2.7938975602256644E-4	0.0015497441436762495	9.291852236580676E-7
93	93	0.17869097151881327	4.607799746679098E-7	6.162559919529694E-7	3.767613477851384E-7	5.203060919402167E-7	3.117294178994364E-7	0.5819143378886612	7.474681939255157E-7	7.072960385570424E-7	0.01542776196090651	9.665305627456228E-6	0.22394191737387387	2.0168332206033235E-6	9.147206727285656E-6	4.4131511295181435E-7
94	94	0.20362340044044758	8.77432936158376E-7	0.2741642033213963	7.174418025791082E-7	9.907845979661423E-7	5.936057846949068E-7	0.003983703945755945	1.4233544167229613E-6	6.701130407158217E-4	0.25815831583224147	0.01815285546832747	0.2383279034577045	0.0023834039196321774	1.8657209448876881E-6	5.296322332957669E-4
95	95	0.2300988504095745	5.251073641269859E-7	0.17204329758610806	4.293592801704775E-7	5.929436509797352E-7	3.5524853933156983E-7	0.04400789127155043	8.518188173517457E-7	8.060384107009532E-7	0.016418105201892966	0.0016770839141192846	0.5355890631812943	7.675959094195874E-5	8.488540335390949E-5	5.029251018960769E-7
96	96	0.22918193452757635	8.573652326599041E-5	9.167634447636918E-7	5.604830388013082E-7	0.003147662921367939	1.261388949918569E-5	0.019393367947784925	0.1530079531588653	0.0032208419950658495	0.14058861923007482	0.047156961131642805	0.3346138069832068	0.008994111442124959	0.0605942564876185	6.565154229070106E-7
97	97	0.09648474134693757	1.1863097850967077E-6	0.008244411909434667	9.69998042657692E-7	4.6394710711555767E-4	8.02568859515059E-7	0.011231737743239222	0.006856927094563589	0.27668318707178596	0.1285194565792136	0.003452385338226583	0.4561077101005093	0.011927850522314381	2.3550113814521054E-5	1.1361961577933496E-6
98	98	0.2661010562359557	1.30822943206953E-6	1.7496511799218704E-6	1.0696868595340646E-6	1.477233778772268E-6	0.21806713370549305	3.2984046581537752E-6	2.122184002319049E-6	2.0081287071847857E-6	0.10972731775029052	0.10671851007830555	0.2931254357719396	5.726118155786684E-6	2.7817408619478653E-6	0.006239005080379896
99	99	0.12470994425701276	0.028311448917074294	0.080954065397991	1.9937202483170197E-6	2.7533206283556715E-6	1.64958867494183E-6	6.147683404252327E-6	3.955401693838609E-6	3.7428213958661697E-6	0.051515343671546907	7.926347884952872E-6	0.5359648000455636	0.17850870879825406	5.18470712489825E-6	2.3353215019342056E-6
100	100	0.13318198886839322	7.581088550095916E-4	0.004372426958621767	6.129258025498054E-7	5.854746377839383E-4	0.20970929607344757	0.003350215055988291	1.216001974022883E-6	0.014324541289422729	0.08063798873400152	0.004334000186144601	0.3988212679328765	0.06948102655022187	0.07981662878432712	6.252071459846174E-4
101	101	0.23810551559182525	7.865537154482698E-7	6.284350541648521E-4	6.43133500216186E-7	8.881650945896627E-7	0.09629686737454903	0.004086944204401744	0.010248533266436427	1.2073578663001492E-6	0.1663811168698196	0.011490638570221163	0.4136112415470173	0.05901927988306368	1.672480802482877E-6	1.2622994752184985E-4
102	102	0.1872364850062762	5.803206967871166E-7	7.761320506758757E-7	4.745050129982388E-7	6.55289748724309E-7	3.9260176863116153E-7	1.4631473979893896E-6	9.413847974571542E-7	8.907907298402302E-7	0.054691705977854346	0.614331698764001	0.06919494088168274	0.0026255513337262028	0.07191288805821457	5.558060417783124E-7
103	103	0.2538189805214427	0.09758624021152283	0.004925040772972064	8.199598875357645E-7	0.009919631900599744	0.001404910442023493	0.015573506136378272	0.010595579655639705	1.5393149632760734E-6	0.22984854874625796	0.01811607534545385	0.35441555100104816	4.389309971593447E-6	0.0037882262311649136	9.604506739108675E-7
104	104	0.2594433452546206	5.232363878007845E-5	9.73264792131483E-7	5.950263520736113E-7	7.876595125695516E-4	3.9189260351261946E-5	0.0024139440478346177	1.1804907147115114E-6	1.4016026120499727E-5	0.09065321596763508	1.1845644117233944E-4	0.13898509923801888	0.008077946736636909	3.7561779881383937E-4	0.49903643729558733
105	105	0.25411126927058997	8.587350262835893E-7	3.159104304460295E-5	0.18055549182495528	9.696711882060671E-7	5.809561712532546E-7	2.165106166685795E-6	1.3930230358196101E-6	1.3181559869182836E-6	0.15507340897259744	0.0014335915736088229	0.20367424483298147	0.20238585980094942	1.8259628270402458E-6	0.0027254310708707034
106	106	0.22224235980078455	0.007617626841637907	1.2124541009452678E-6	7.41259877655874E-7	0.03922552621184663	0.00364828315099882	0.0414603834142286	0.06522566388426759	0.005561275994196714	0.19374327986142875	3.508505527977554E-5	0.19867573089402354	0.008504484958614339	0.012359011826249022	0.20169933439246518
107	107	0.24589845070032373	0.0034452159198634347	6.821860086339889E-7	4.170690807217672E-7	5.759709289053597E-7	3.450797236010365E-7	0.004096959919193269	0.2470793610042964	9.139464572611675E-4	0.1726867814564414	5.07966594042211E-4	0.32108899358343956	0.003871875913387307	3.175273900308938E-4	9.09007559787367E-5
108	108	0.2263976703547525	9.01290731558647E-7	0.00666302513613628	0.12488189965844386	1.0177244759327808E-6	3.256091996986906E-5	0.008006041431999273	1.931690987268024E-4	1.3834788816051512E-6	0.2956911272804537	0.028743010670715587	0.298917458926517	0.0010583336827621607	0.009411537128187365	8.632172465543747E-7
109	109	0.25233281262908014	7.158531634610502E-7	1.1515536332167884E-4	5.853244878452471E-7	1.349699411312474E-5	0.0020560477087678652	1.8048618621726221E-6	0.1821596081415583	0.002246992194441303	0.12631483822123307	3.576096151024757E-4	0.40470352048224095	0.029694604850081276	1.5221473750243626E-6	6.856131712698938E-7
110	110	0.3330093330044598	7.825279678915893E-7	1.0465679404395288E-6	4.44495502802741E-4	0.008572846072248725	0.15688963507255355	0.003441854340016034	7.364053399709012E-4	1.6764705122768826E-4	0.1353612288170702	0.016272627864924498	0.32681495428579255	3.4251236782423494E-6	0.018282968957934024	7.494714126561653E-7
111	111	0.15768314323767502	1.921051212136085E-4	0.0029623661588380388	8.812040985779895E-7	1.2169397509276583E-6	7.29101438656521E-7	3.083610642142236E-4	1.7482473717539708E-6	2.075702970148886E-5	0.14235241518174185	0.0051421406033739375	0.31549877539194976	0.24539852370114823	2.291587885634175E-6	0.13043454542959831
112	112	0.1943716496714102	8.780747886254606E-7	1.174354094409742E-6	1.8748691372132782E-4	9.915093685011285E-7	5.940400142772271E-7	2.2138670037624414E-6	3.5939821089534495E-4	0.11168917820926902	0.3419107014122446	0.003722669252133989	0.2799805134452757	0.06499943692334242	0.0027722731344163665	8.409820214119929E-7
113	113	0.21882687655035177	1.6191931464699157E-6	0.008009625520236865	0.005712738057194473	0.0020682696547290767	1.095425506239944E-6	0.2189607569419686	3.7573407748642035E-4	2.485457183729133E-6	0.1396838754781888	1.2006586252144355E-4	0.40111607476079897	1.218894994651516E-4	0.004997342728119877	1.5507931021528827E-6
114	114	0.22494511939764358	1.650767001691298E-5	0.34775995449464836	7.208274686399631E-7	9.954601908503218E-7	5.96407058542547E-7	0.008252801589577101	1.430071341669268E-6	1.3532131574784053E-6	0.21734238653930693	0.006143921649377913	0.19552763517542257	3.858646311843944E-6	1.874525433362467E-6	8.443330442777545E-7
115	115	0.20936645734537557	0.010055781546122354	0.002789215795779804	6.84117702431637E-7	9.447641332420295E-7	5.660336826147382E-7	4.6600399567610255E-5	1.3572417300106598E-6	1.6441762154978783E-4	0.14182124161025883	0.029870948379924638	0.2263532798802547	0.01941652767149998	0.36011117625894057	8.013334777991329E-7
116	116	0.16266021423082871	8.53138124139141E-7	1.1410033201707124E-6	6.975769069157268E-7	9.633512471455891E-7	5.771697240475434E-7	0.009030027246709132	1.3839438514637714E-6	7.691991862519647E-5	0.0541965451941815	0.004796469761766456	0.5164775512091361	7.93445380887194E-5	0.25267649461872654	8.170987636546369E-7
117	117	0.21253143142946546	6.922725644934826E-4	1.7976730443723824E-6	1.0990460586490176E-6	1.517778729160086E-6	9.093421873591736E-7	0.005864368019232618	2.1804306023658998E-6	2.06324488444471E-6	0.4320670121974859	0.009439116249590084	0.33040413372583227	0.008940302616837616	2.858090013219764E-6	4.893759154302914E-5
118	118	0.2032240114600887	0.0017977050133720152	0.030317870100084472	7.535010978464621E-7	1.0405823575000498E-6	0.008478174586741194	2.323438405276219E-6	1.4948935394757734E-6	0.009524366994666338	0.2021207739492749	0.1939902739032065	0.18108131938371244	0.16759492903378137	0.0018640805547443433	8.82604927655863E-7
119	119	0.18897556655502332	0.43571862678204204	1.181193009827592E-6	7.221477376093258E-7	9.972834776386227E-7	5.974994388509561E-7	0.023562576132934	1.432690663072132E-6	5.023066418364082E-4	0.052833680373634846	7.229880025301322E-4	0.2976570804283209	1.9520431007401826E-5	1.8779588177292133E-6	8.458795262955262E-7
120	120	0.1458992644978081	0.03441103450205657	2.183589061034193E-6	0.07944103891853471	0.02306685054304137	0.007930605057517933	4.116454990034315E-6	0.10945290726931088	2.050846525964856E-4	0.251918979327183	4.683439646072823E-4	0.20098362659945124	0.12829720366736977	0.0024054736282584158	0.015513287328213256
121	121	0.31451344326565484	7.620125924769408E-7	0.0035938411310763863	2.7636766460027497E-5	8.604536129996929E-7	5.155209751814337E-7	0.4055450812943658	0.00110879779122735	8.221078506990579E-5	0.05637673604612671	0.017061628180460486	0.1269629091669681	7.05691508518683E-4	0.07396512885570872	5.475722118234652E-5
122	122	0.17796084446769217	0.035887478160473864	0.006812245237686345	4.4618529227204234E-5	0.0029011604950498486	0.0019926344255697575	0.003414977330245271	0.017944666417213286	1.268476917846493E-6	0.20524142656174316	0.002258418711093947	0.3524785565403735	0.10321069804812592	0.006666421049182032	0.08318458554940572
123	123	0.19401950668026238	1.129091327898586E-6	5.018451984497573E-4	0.003163041234478544	0.013650417300359199	0.0018820239479591595	0.3472754537874962	0.0049851694846243695	1.7331521925781245E-6	0.1398323963044409	0.021818282045984426	0.27242028259995454	4.942030957057516E-6	1.4249466870912028E-4	3.0128247280391136E-4
124	124	0.22531295843204188	1.204135128895385E-6	1.6104334586971821E-6	8.635886890392344E-5	0.0011325691112245675	8.146281597271044E-7	0.03752503895451368	1.953324275184444E-6	0.014067263575778624	0.1594991781478218	0.003013358251629699	0.27050612173549	0.28455779836862205	0.004292618764450833	1.1532685004392898E-6
125	125	0.17841167943268732	6.418250913046692E-7	8.583892097032356E-7	5.247946953783002E-7	7.247396226508846E-7	4.342110619061828E-7	0.12319771876543224	0.006758681171331874	0.25131921007924723	0.10895200506989276	5.896889542190813E-5	0.32749401346177637	0.003711547726995042	9.237672524587445E-5	6.147122883727066E-7
