0	0	5.507055705551668E-7	3.001847924283783E-7	2.8327609060142532E-5	0.0019024967275376424	0.18212947894090742	0.20992705882493393	3.766746626585011E-7	0.030333917523944657	4.6748721741687973E-7	9.579092480874219E-6	2.1550773266040372E-7	0.0060467503239327045	0.2289149980499181	3.5256263030435327E-7	0.34070512978467843
1	1	0.01949847428619007	8.154791679444048E-7	0.011009368672698923	0.2472431895399269	0.22005023186772976	0.12137675488063625	1.0232708259655832E-6	0.04467037167481525	0.020379894519051475	8.325776609602741E-7	5.854462682596485E-7	1.2868308016916594E-4	0.26359245094390465	0.04143833401177229	0.010608989749182193
2	2	1.2447335671289616E-6	6.784933864034918E-7	1.1522049940952686E-6	0.6677397553379808	0.021202721746681426	0.1536352690981186	2.1043584753099834E-4	5.521489806818254E-4	1.056639087808562E-6	6.927196412052877E-7	4.871018619765116E-7	2.274411448567416E-6	0.15042326225026123	7.968805182281075E-7	0.006228023554239742
3	3	8.27011329504526E-7	4.507966462604799E-7	0.19738716233287276	4.61943087310303E-4	0.5106097866780819	0.2102039130062658	5.656638142262444E-7	7.442808124148725E-5	7.02039793809523E-7	4.6024868821403666E-7	3.2363452638823914E-7	7.113596919582291E-5	0.0811855363535621	5.294540408002057E-7	2.2356426305772873E-6
4	4	7.822629465470196E-7	4.264046938855238E-7	0.2918417946629399	0.005046975308452366	0.3569432859271453	0.15911799206424684	5.350565660772198E-7	0.06916812422859589	2.37751171275918E-4	2.6778358392522297E-5	3.061231317937194E-7	1.4293723961509329E-6	0.1055329320747928	5.00806050947006E-7	0.012080386178372962
5	5	8.262404696698731E-7	0.002699375807902672	0.21905890834441497	0.0011988478070020952	0.31195759430983666	0.19046163988676543	5.651365572241368E-7	0.16455577817040243	7.013854203323181E-7	4.5981968897903417E-7	3.2333286563874367E-7	1.5097293373564024E-6	0.08656336187233357	5.289605350406267E-7	0.023499579196467862
6	6	4.014377464512506E-6	2.1882020635800524E-6	3.7159645123602542E-6	0.010894195346797492	0.3497698057753817	0.21639656344347571	2.74577625155448E-6	2.331534955411015E-5	0.00818214524276291	0.3853491961712316	1.5709472205773635E-6	1.4252092462688234E-4	0.02921460048385627	2.5700111885490187E-6	1.085198361220734E-5
7	7	9.429396567998388E-7	3.180526346587281E-4	0.004906844933592665	0.046887339472855234	0.2260502881372085	0.22218925597298161	0.00806612657808155	0.048922305049678226	8.004499317212297E-7	0.2059560908816088	3.6900078433500404E-7	0.009369113036898103	0.1804129831916453	0.00238214352026044	0.044537344200157994
8	8	0.16926916811951923	1.0290220970578706E-4	1.4029255778292007E-6	2.995246776220355E-5	0.34587598365766137	0.252216462577855	1.0366406141631935E-6	0.036705151693666754	1.2865644658872023E-6	8.434559022847022E-7	5.930955556321549E-7	2.7693249135830093E-6	0.1827216422359495	9.702822563912295E-7	0.01306983474859439
9	9	4.453077207664743E-5	7.000161107365376E-7	1.1887544888435102E-6	2.537991399326734E-5	0.4214734585324124	0.16054137485521286	8.783867105130343E-7	0.001650827737339186	1.0901571032559525E-6	7.146936415073061E-7	5.025533892979573E-7	2.346558843970809E-6	0.14001535037694762	0.27623818509123726	3.4716004926736576E-6
10	10	1.0439639460972836E-6	5.690556210390299E-7	9.663597930625025E-7	3.0538374724585894E-6	0.23634703751728034	0.2064612723765339	7.140562729870546E-7	0.01496489765257311	0.187118150201277	1.815893595607364E-5	4.0853464179748286E-7	1.9075596686702643E-6	0.325037615133945	6.683474699700713E-7	0.030043536467548523
11	11	0.007619499538996903	0.20716782253797594	0.009236320896319195	0.004529506915591022	0.20686543820608888	0.12252666425564866	5.254502576239182E-7	0.028784898435238244	7.826229739897767E-5	4.275291890889982E-7	3.0062705265901954E-7	0.0054211803198146785	0.4065765619177648	4.918146700245215E-7	0.0011920992579932087
12	12	2.272064757408156E-6	1.238482637643989E-6	2.103168444659052E-6	4.490265630099118E-5	0.22749725250561095	0.7274622578066745	3.9810397681103875E-5	3.957594462870639E-4	1.9287279592267987E-6	1.2644504214482161E-6	8.891276037629831E-7	4.151579287810967E-6	0.027858809535921444	1.4545796700151542E-6	0.016685905470741846
13	13	0.001216912174751096	5.046852412418647E-7	8.570471975967654E-7	0.005973512927068861	0.6283633410290397	0.17297358655747447	6.332837231881442E-7	0.010403619271647487	0.11372668431828267	5.152671879203293E-7	3.623220589136049E-7	9.370658588377357E-4	0.0660407495555726	5.92745404217878E-7	3.610629565123572E-4
14	14	6.241553897969154E-7	3.402216468236572E-7	0.005402378208052329	0.04296400525349073	0.3323437255035232	0.3014338138605844	4.269132790162814E-7	0.01429632664996227	2.1548516663252204E-5	3.4735521648519203E-7	2.44250866660571E-7	0.23044993476488754	0.0730841974947473	3.995853278251805E-7	1.6872663623248849E-6
15	15	8.942815753298568E-7	4.874650692062035E-7	0.003433970245762732	0.001553553137317013	0.30217157361064434	0.12798198160790028	6.116756915487611E-7	0.02600974218338592	0.1723655904094273	4.976859533304571E-7	3.4995940655734716E-7	1.6340559191832253E-6	0.3459374995883685	0.020539196600683214	2.417492895466192E-6
16	16	6.496275087232592E-7	3.541062761817862E-7	0.0018272859504545557	1.9003116311587058E-6	0.3062995173866695	0.1449038919078683	0.23493177447217123	0.02287561449188174	5.514608397811256E-7	3.6153097067819123E-7	2.5421887659070226E-7	0.005207785077840582	0.24574064578942567	4.158926211017743E-7	0.03820899777496415
17	17	8.653563647004882E-6	2.6443895033268856E-7	4.490653635132712E-7	0.010702070005637217	0.2815713339071434	0.23084383625461968	3.3182044834632694E-7	0.29727670155618857	4.118190933911624E-7	2.6998355247965047E-7	1.898451888660944E-7	7.033719174896674E-4	0.1709181004692646	3.1057966371317476E-7	0.00797370477374921
18	18	9.404758978895061E-7	5.126451906183743E-7	8.705646372773132E-7	0.024832734042856654	0.11529243906236906	0.27943976619056077	0.3382774898239378	0.041541843134654956	7.983584769421971E-7	5.233940368868848E-7	3.6803664101600257E-7	1.7590839474057216E-4	0.18576903628831237	1.643754254633747E-5	0.014650332045140903
19	19	5.522623287680698E-7	3.010333677215796E-7	9.810035141816394E-6	3.881079906899398E-5	0.35291512982667844	0.28405560418893794	3.777394628095054E-7	0.23365480368422029	4.6880873040685584E-7	3.0734526033375477E-7	2.1611693919598491E-7	1.2189384448377725E-4	0.1291905790109618	9.652385081038078E-6	1.4929193366619162E-6
20	20	3.7772109657562914E-5	5.937710949922488E-7	1.008331156514224E-6	0.001910692271220795	0.35101142561937987	0.12243748148261879	7.450694790141218E-7	0.06988706790501831	9.246983990594015E-7	3.728902475236716E-5	0.373944928320658	1.9904096389757104E-6	0.07639586806389931	6.973754311658225E-7	0.004331515547595355
21	21	0.013895454427581316	5.310622333187653E-7	9.018401205776572E-7	0.2111103649851976	0.35450864235701857	0.3372482362864457	6.663818175723991E-7	0.021413328629174642	8.270399167160253E-7	0.002986132976408119	3.8125854703783435E-7	0.0019046842132405986	0.026594957317551578	1.3185848431803581E-4	0.03020303274042865
22	22	0.0011508731963593838	5.3641404949491715E-5	0.009164174160984619	0.025812168266115123	0.19829407571697097	0.1913564879521297	0.009093161941186452	0.3005697301427686	8.918361314926156E-7	5.846768420263152E-7	4.111290650140021E-7	1.9196737382862927E-6	0.23377156940392874	6.725918497983351E-7	0.030729637906980342
23	23	1.5527954066427326E-4	4.997227174126955E-7	8.48619930870417E-7	1.811803956207727E-5	0.15116214001515493	0.3205415533861724	6.27056702244926E-7	0.3656598582958421	7.782339030349152E-7	5.102006127770743E-7	9.297642243328376E-5	1.6751453917883095E-6	0.16182180042033564	5.254203409657803E-4	1.7914559611409524E-5
24	24	1.0127049073425657E-6	5.520165922697438E-7	1.798904290915828E-5	2.9623975101312917E-6	0.09468175809822585	0.11171317000708202	6.926755415989692E-7	0.00638318706313207	8.596727988800498E-7	5.63590955194747E-7	3.963020352516987E-7	1.850442292315637E-6	0.23432699400155463	0.5528652743602226	2.7376242407782773E-6
25	25	2.3091743909832016E-5	7.056464561834854E-7	5.679254258120472E-4	9.19269106878514E-4	0.2576789418803002	0.22689726737068727	8.854517202183007E-7	0.038610353749082275	0.19539116868725168	7.204420407637021E-7	5.065955093918859E-7	2.3654326051607404E-6	0.26787041768451597	2.262596793738957E-5	0.012013754815293163
26	26	6.009700928675431E-7	3.2758354414545527E-7	5.562963517574517E-7	1.7579773672134067E-6	0.6055449788909607	0.18489825579908012	4.1105487051915205E-7	1.147988874193552E-4	1.0629108544934706E-5	3.3445212541872535E-7	0.14278877235074666	0.001286205062611144	0.06535036223419481	3.8474206182813146E-7	1.6245900284360226E-6
27	27	1.5229336839459985E-6	8.301378381494308E-7	0.025951818151301816	3.009763148539739E-5	0.27552192781251544	0.19846088160393438	1.0416646613422298E-6	0.29595120052559615	1.292799761405415E-6	8.475436856385656E-7	5.959699751874586E-7	0.01156763867555816	0.18342769824010235	9.749846998094112E-7	0.009081631325200856
28	28	8.509471380897668E-7	5.777580448320527E-5	0.43131627545442	1.0278514950869474E-4	0.25751202689853625	0.10354079362918864	1.008779666764813E-4	0.0010795415301151608	7.223586087088475E-7	4.735694543386066E-7	3.3300133165298076E-7	0.013441209643400814	0.19274319299043055	5.447777856186334E-7	1.0259627892172688E-4
29	29	1.3370394571706316E-4	7.143347928811661E-7	0.004326066067852858	3.833478271242364E-6	0.4800290090397155	0.25504430820091667	0.10503304058235625	0.0026775460144321584	2.4383379774160793E-4	7.29312549453243E-7	5.128330130547476E-7	0.02189144646364024	0.13061087434192753	8.389757237825038E-7	3.54261134974583E-6
30	30	1.0651587279059058E-6	5.806087113253187E-7	9.859790385729949E-7	0.002352577260266318	0.32834450114300656	0.18708654026773722	7.285531978680488E-7	0.26667902533553334	0.007784616090558263	5.927825771771876E-7	0.017433061891987834	0.0034274969119139752	0.17646453624490932	6.819164048469087E-7	0.0104230098554295
31	31	8.338152874572101E-7	4.5450542426259613E-7	7.718327550024547E-7	0.001265996736021041	0.2967206098731375	0.1266852735103074	5.703176232734023E-7	0.027002857510022363	0.282883182623835	4.64035229716754E-7	3.262971207578975E-7	1.5235702529959388E-6	0.24570880893464445	5.338099460979499E-7	0.019727792628392554
32	32	2.508477865615671E-4	5.056706395927898E-7	8.587205829588946E-7	0.0078751970165845	0.4952581640709947	0.2568158729995929	6.345202101814268E-7	0.006550170706010986	0.18561332611954307	5.162732475308959E-7	3.630294930332925E-7	1.7315090334157034E-5	0.04761312631340845	5.939027401098439E-7	2.507780056224504E-6
33	33	2.3900811380637602E-5	7.30370253390686E-7	3.847757175758916E-4	0.029355659328368623	0.268850547874451	0.2521738634181816	9.164753703416876E-7	0.017199193124221156	1.1374285641839692E-6	7.456842321745692E-7	5.24345140996394E-7	2.4483104762601E-6	0.2874759079643981	0.14452602701113398	3.6221362517463355E-6
34	34	2.5972117686514555E-4	0.11845390998101846	5.934626608785032E-7	0.009620222499827222	0.40329756478629203	0.2530183400892015	4.3851755715221057E-7	0.032345550571949204	5.44239825250449E-7	3.5679696201568494E-7	5.422590167342344E-5	0.02090029597514407	0.15812750658096314	4.1044678262416084E-7	0.003920318973277874
35	35	0.1853644234069173	4.076649251896639E-7	6.922890806804001E-7	0.0040947960592351215	0.3337384225366832	0.16612804088640085	5.11541730449777E-7	0.07207202812452579	6.348694081857822E-7	4.1621260629565825E-7	1.288531053554017E-5	1.3665538848441443E-6	0.23518286093870816	4.787964678190269E-7	0.0034020348088905344
36	36	7.853870552303443E-7	4.2810761821890606E-7	0.3430208992317048	2.297439895901181E-6	0.17365444426205648	0.13874034882455882	5.371934113305074E-7	0.00668273671554794	6.667054569190904E-7	4.370839298255018E-7	3.073456899353581E-7	0.0037703062433793845	0.2534428884362571	5.028061105680469E-7	0.08068241421732741
37	37	2.4215493715335512E-5	0.01465268449467638	0.15134372868915758	0.014427336168577633	0.2674072494078058	0.19802914872137992	0.005189682681271036	0.0357577148568184	0.012595881614820751	7.555020434359144E-7	5.312487624060806E-7	2.4805453675558414E-6	0.2966553425810772	8.691032043614157E-7	0.003912378891322295
38	38	9.155676063272395E-7	4.990678986276162E-7	0.00123413151031932	3.5724739898786856E-4	0.3012243021916933	0.18194747077542908	6.262350295579892E-7	0.04744050352327388	0.005211402124229509	5.095320641324677E-7	0.23296770634068262	1.6729503411491048E-6	0.21498012012119636	5.861479178116579E-7	0.014632306513330496
39	39	3.9450059994410004E-4	0.18587996725578976	6.367683291159984E-7	0.042267380690807786	0.14438627286210248	0.13929931292008124	4.7051669896551204E-7	0.020632830931786788	5.839536452893366E-7	3.8283285590381065E-7	2.6919779062720225E-7	1.2569579070118336E-6	0.4669369281691234	1.510158399714422E-4	4.819050316604839E-5
40	40	6.200824790306132E-7	3.380015387689498E-7	0.3311397485607251	0.070163727529406	0.16910540531908985	0.12266296878527973	4.2412746683103603E-7	0.01870300429253742	5.263804257486502E-7	3.4508855849572226E-7	2.426570135900653E-7	0.001974436853013753	0.27601419334874544	1.083773880242662E-5	0.010223181234917788
41	41	0.00329790113189728	0.006918939441733369	7.428699117233906E-7	0.024771125214552783	0.13267653434197174	0.1966566648942428	5.489165880943456E-7	0.0011127023779253621	5.47320517849863E-5	4.058275984819985E-4	0.17586809416933386	1.4663986362484415E-6	0.45823203736061613	5.137788529505862E-7	2.1694534706155436E-6
42	42	8.686325613314142E-7	4.734840158906301E-7	8.040618503671533E-7	0.02755749532286153	0.07947140191714942	0.10415699886874938	5.941321361319402E-7	5.461985469069894E-4	7.373715480036922E-7	4.834117534185416E-7	3.399221722395483E-7	1.5871893345396702E-6	0.20564148690137007	0.5826181820811445	2.3481564461559434E-6
43	43	0.0038039809367282663	7.552296673262653E-7	1.2825171354945912E-6	1.9068339101614338E-4	0.3668840929358384	0.25891406101592357	0.140603663214087	0.0022709412023229334	1.1761429112811198E-6	0.015047851125686273	5.421921341407964E-7	2.824773185047568E-4	0.21199386034997172	8.870061532512799E-7	3.745421919522654E-6
44	44	1.776114855909533E-6	0.132782204920594	1.6440854983817901E-6	0.0023677445819795403	0.20535202038386005	0.5385257121046014	1.2148369291380846E-6	1.0315606611449415E-5	1.5077221589839604E-6	9.884441765018792E-7	6.950474191783748E-7	3.2453659714254183E-6	0.12094499237906005	1.1370717109159397E-6	4.801334573072808E-6
45	45	1.3758174638858122E-6	7.499460726347024E-7	4.7604740075614026E-5	0.003919010601208368	0.28339993512294653	0.11081194591056877	9.410392899538477E-7	0.003807148721156044	4.876454667596621E-4	7.656705058137205E-7	0.001483136653143667	0.009824727365572218	0.5203274530050495	0.06588384072127905	3.7192189084019268E-6
46	46	1.6264493307918994E-6	0.11844387116811869	1.5055455167838148E-6	0.003592279357386447	0.27713344867893897	0.21397704699984949	1.1124678698811385E-6	0.06039482925757738	1.3806729268326582E-6	9.051522563687839E-7	6.364787761500964E-7	2.971893002773539E-6	0.32575830634649844	1.0412555906101995E-6	6.890382763605485E-4
47	47	1.269097623665225E-6	6.917740206390934E-7	6.528080205562955E-5	1.746618568882938E-4	0.4818991345912121	0.2040382169256857	0.12943097114828273	0.09182859474940726	1.077321437151139E-6	7.062787360572361E-7	4.966362536065923E-7	5.792733273174171E-4	0.09045820590947513	8.124784281033418E-7	0.001520607103176595
48	48	0.0016926959582918893	4.489461843608362E-7	0.1464031911767151	0.05980038908622149	0.3648433285900303	0.23575922372587943	0.004091566135381554	0.07605583207488056	6.991580113001483E-7	4.583594269052714E-7	3.2230604853584484E-7	0.006893804556514044	0.09395735697769056	0.0034536109945732803	0.007047071954150589
49	49	4.7178615081739397E-7	2.5716650661610826E-7	4.367154333040216E-7	9.323876579066815E-6	0.38160909947629307	0.20556524845012614	1.4331095638002073E-4	0.03424048494350748	4.806324730859651E-5	0.2014866105425183	1.8462417868905634E-7	0.03097370825167252	0.14485675438665346	1.6189622892204447E-5	0.0010498559537996343
50	50	1.6488269494873334E-4	5.891998392959913E-7	1.0005683341373791E-6	0.006846436110460418	0.4698500170588613	0.09224715707780196	7.393334249542735E-7	7.888864216147424E-4	0.19836486749483345	6.015538389236564E-7	4.2299651632368774E-7	7.477587513741513E-5	0.2316560095801494	6.920065584823376E-7	2.922027680521553E-6
51	51	3.8970564555564205E-4	4.6623536350222954E-7	0.0014265762261619242	0.030952106439156763	0.09532096795554748	0.14118823810919623	5.850364598618607E-7	0.028765488903972077	7.260829936846585E-7	4.760111155017431E-7	3.3471824225885035E-7	0.010442913835552306	0.13660475927825969	5.475865874733524E-7	0.5549061079358355
52	52	0.0010932395575184415	3.929821811653651E-7	6.67355114733444E-7	0.0032796647692569466	0.471636098432703	0.21282833279470187	0.15630348892401208	0.020410007051269413	6.1200350917592E-7	4.012220030322496E-7	2.821285453995621E-7	0.0019799899288239537	0.13167537115773625	1.2600647467435074E-5	7.788510451570363E-4
53	53	5.02350130621176E-4	4.919242149607827E-7	1.6030760551232352E-5	5.344783480009089E-4	0.3056347123335791	0.19818534131353135	6.172710690136337E-7	0.0017375152291251733	0.2520465987362316	5.022385958603539E-7	3.5316070261034724E-7	1.6490036435948151E-6	0.2394977007340075	5.777577662544569E-7	0.0018410810583595562
54	54	6.164832273644601E-5	9.691010755690176E-7	1.6457096287592816E-6	0.1043294655976116	0.0031029420271812148	0.0466830933191107	1.2160370209594974E-6	0.014738457314546548	1.5092115811348359E-6	9.894206234172564E-7	0.004880137679880247	3.248571946701921E-6	0.6151453854497747	1.138194981396035E-6	0.21104815404230068
55	55	7.526511731327255E-7	0.19857227583648504	6.967020601006585E-7	2.201679823134857E-6	0.39958523368432214	0.27674434827322886	5.148025404091939E-7	0.021320210152176996	6.389163673406515E-7	4.188657431387667E-7	2.9453514995773605E-7	1.3752649483850634E-6	0.1037685221610803	4.818485439212546E-7	2.034626357074978E-6
56	56	8.994552593897583E-7	8.94030842740682E-4	1.5977348523460014E-5	2.6311159367073008E-6	0.4299240891237618	0.2345993790080974	0.00107589283450912	0.011394079921322551	7.635365590713123E-7	8.334621019053787E-4	0.18614453830170072	0.008422127407605055	0.10545617488248317	0.0011818667393465835	0.020054087380248872
57	57	6.565141874412629E-7	3.578601445499613E-7	6.077115179025687E-7	1.9204567689371157E-6	0.3796854046659001	0.25242755829002494	4.490462296135157E-7	0.0017172119987350087	5.57306857041997E-7	0.20032434272049193	2.569138420957387E-7	1.199600800922757E-6	0.16583728187178398	4.203014843722742E-7	1.7747412310564517E-6
58	58	9.181152743075841E-7	5.00456610172853E-7	8.498662140624553E-7	0.04778629054286689	0.08869810708155364	0.20997068517434095	6.279775976894406E-7	0.3694432451944163	7.793768173096624E-7	5.109498933738893E-7	3.592862532468089E-7	1.6776055102348148E-6	0.28359769237113913	5.877789391274347E-7	4.971682225735343E-4
59	59	0.041836874639231025	4.7405255342314636E-7	8.050273303518119E-7	0.3055357059098653	0.0836962476325457	0.17681049856359232	5.94845542302642E-7	0.002347984466847317	7.382569493823663E-7	4.839922117154515E-7	3.4033033493684467E-7	0.00896330944439012	0.2870271247737858	5.567677622351108E-7	0.09377826129705802
60	60	9.449199776307401E-7	5.150676196366838E-7	8.746783616977272E-7	0.01088539314587577	0.1764712996640248	0.5998089894595945	6.463116279258381E-7	5.48805880211318E-6	8.021310018326097E-7	5.258672579882776E-7	3.697757437235163E-7	0.0014177411804692141	0.20670971888936837	6.049393551708259E-7	0.004696085910919768
61	61	1.2572232043484354E-6	6.853013784716561E-7	1.1637662010545285E-6	3.6776704282141344E-6	0.2365534097357144	0.1811932287583748	8.599225279435365E-7	1.343143649143092E-4	1.0672413879530692E-6	0.4548746600382719	4.919894344704784E-7	2.297232857606738E-6	0.12722868325340134	8.048764049325142E-7	3.398625498245923E-6
62	62	9.633274720110464E-7	5.251013839113185E-7	8.917175157093683E-7	2.817957021670934E-6	0.3316491676038139	0.1256818614024732	6.589020884310776E-7	0.04912040956727835	8.177568984778739E-7	5.361114043978788E-7	0.4282465246107582	1.7602184828317002E-6	0.060894166271039496	9.793802095469605E-5	0.004300961431414816
63	63	7.432415569685782E-7	4.051344755380631E-7	6.879919176065846E-7	0.25788798537971663	0.22848499167081351	0.15880207266766266	5.083664987493953E-7	0.011555178258605381	6.138402628679026E-4	5.009926774331464E-4	2.908528827841975E-7	7.644492868865369E-5	0.3242152160035547	0.017733488611706073	1.2715395161959442E-4
64	64	7.497058764767731E-7	4.086581195930924E-7	0.24591559989931314	2.1930641450464717E-6	0.3334154108973242	0.23763994293691332	0.006438406223708645	0.050762725841229275	7.454123234093188E-4	4.172266254218239E-7	2.9338256636629584E-7	2.6616524145581888E-5	0.07487161785212511	0.01689048274134862	0.033289722723149846
65	65	1.3013266726724657E-6	7.093417935175292E-7	0.0021923390254472903	0.07259609049021762	0.259532318794241	0.21432516129678603	8.900886637904588E-7	0.042143073225878465	0.005632320176318725	0.0052594468570727635	5.092484544789198E-7	0.19906694117203325	0.18147444773359728	8.331115193552532E-7	0.017773618111303797
66	66	1.342478984165748E-6	7.317735587729734E-7	1.2426844032104898E-6	0.00305550142071272	0.44821196859364365	0.2817500561435328	9.18236250955272E-7	0.03443407666731137	2.374386847422781E-5	7.471169612481309E-7	5.253525976324228E-7	0.18165024216403847	0.05068358091055969	8.594572982231688E-7	1.8446313167289614E-4
67	67	5.50294958343522E-4	3.867798775327265E-7	7.414023471984889E-4	0.06935736228373011	0.020748702747855893	0.13535894086321373	4.853349788780411E-7	0.04491480546296554	6.023444666796595E-7	3.948896531035023E-7	0.002330041826141399	0.009846043517798482	0.33753162101266987	4.542672860560352E-7	0.3786184613638206
68	68	0.01790335338613138	6.211716417459539E-7	1.0548622612283163E-6	0.0047810947606977015	0.36014831795154495	0.15249443776612348	7.794519393033882E-7	6.398158730103824E-4	9.673701322073989E-7	0.004874334419337716	0.15712930866162447	5.969039411755893E-4	0.29852784302210333	7.295569709337592E-7	0.0029004378053056295
69	69	1.7512381676993431E-6	0.0031855309089178813	1.6210580448372983E-6	5.122779153162068E-6	0.4134834793202157	0.17829116464583242	0.043995530005500876	0.026106004892346255	1.4866046428887351E-6	0.014626436237324006	6.853124192820177E-7	0.002922394874544677	0.3172844764378882	1.1211456133829073E-6	9.319453938891659E-5
70	70	2.724551181281699E-4	1.87428313306319E-7	3.1828731562309896E-7	1.258503720395996E-5	0.0320145000686787	0.43083012824435435	2.3518678649969932E-7	0.006341610697006909	2.918880065305631E-7	1.9135820119557377E-7	1.345579518211132E-7	0.006346031532761537	0.059668873327359144	2.2013180147542103E-7	0.46451223713613077
71	71	7.878144829837361E-7	4.294307878675301E-7	0.31369101496634205	0.002695095812681162	0.40571815458929106	0.21675603685601028	1.0665870682039806E-4	0.0286304059654243	6.687660706237414E-7	4.3843484292593325E-7	3.082956157746828E-7	0.005665586674649065	0.021890061347286462	5.04360153888776E-7	0.0048438479795411
72	72	7.789081248836342E-7	0.13116373034994785	7.210071738503395E-7	2.2784875169917383E-6	0.3663504208488578	0.29088417449869797	5.327619164751444E-7	5.6983944663288464E-5	6.612055722591841E-7	4.334782728209116E-7	3.048102886905938E-7	2.6372362388335486E-4	0.21127265181056323	4.986582884890145E-7	2.105606231943816E-6
73	73	0.004567282209813327	6.058273136273816E-7	0.3230014704820669	0.07991123993072392	0.1743875867171808	0.13613308697579027	7.601977340152784E-7	0.002139829981192299	9.434739274821229E-7	1.503290475277322E-4	4.3493366098727665E-7	2.0308238894896734E-6	0.25825465173210116	7.115352828996204E-7	0.021449036131795163
74	74	4.5459626438917515E-6	0.0010740875528558991	4.20803375082431E-6	0.03239121627539366	0.15895454488198943	0.22285424010131596	3.109372842587832E-6	0.06853287288866755	3.859012039285604E-6	2.529921016650041E-6	1.7789725663322762E-6	0.006361420496241836	0.20086665157372577	2.910332912340232E-6	0.30894202462203796
75	75	7.856571852599517E-7	0.24807744628696818	7.272545357568556E-7	2.2982300890969663E-6	0.4250586683437607	0.17979690678818966	5.373781763723313E-7	0.0030603829976103957	6.669347669944445E-7	4.3723426270165293E-7	3.0745139997955735E-7	0.013851840196615754	0.11488049741944041	5.029790482662556E-7	0.015267994847950389
76	76	0.12377886566067062	0.001592536607552347	7.002249944575207E-7	0.002906247480273793	0.4210551611299242	0.20406537204971567	0.002025699476416801	1.7130467359614215E-5	1.3379141258884938E-5	4.209837740761275E-7	2.9602449247373167E-7	0.005936821495581905	0.23105180252406846	4.842850528501057E-7	0.007555082448863778
77	77	0.007166704124583099	1.1044953675933218E-6	1.724632019848964E-4	0.029756399179654468	0.22574382425230155	0.2129434440830946	1.3859310347820315E-6	0.11079133525393513	1.720065369964502E-6	1.127653784228855E-6	7.929358795241013E-7	3.702433891448466E-6	0.10358808016336936	1.2972135890281108E-6	0.3098266190121603
78	78	0.20405401635638556	3.7224574432989904E-7	6.32140878957008E-7	1.997657102344863E-6	0.39060190355930113	0.2801216723800339	0.0015412732893688803	0.018137185427680454	5.797100039755663E-7	0.002242598016681592	2.6724150715316856E-7	0.0061874696986492905	0.09062256472493123	4.3719716005221613E-7	0.006487030354571149
79	79	1.2689078194569848E-6	2.205715607180823E-5	1.1745822280643928E-6	3.7118506464133736E-6	0.5344929843149115	0.24934526155271797	8.679146360492713E-7	0.011630193886107676	4.380813133824993E-5	0.16378851810644113	4.965619774838249E-7	1.51876981890565E-4	0.04051353748402182	8.123569151307519E-7	3.4302122767175198E-6
80	80	1.2669588377271977E-6	6.906081871208158E-7	1.1727781259322065E-6	3.706149421326232E-6	0.2890716442029198	0.15987705279393888	8.665815606731587E-7	7.540018682582639E-4	1.0755058479501605E-6	0.4686154482573973	4.957992820326793E-7	6.63130295182877E-5	0.08153803140645298	8.111091737571242E-7	6.742295107799093E-5
81	81	0.003144950168244875	1.2560211689111614E-6	0.2883495963782149	6.740438667170402E-6	0.29039038518572713	0.11043762866054646	1.5760670161344983E-6	0.040712587611603054	1.956041265518374E-6	4.008045456801875E-5	9.017188115886884E-7	8.180656682650435E-5	0.2174328519059728	1.475178417424068E-6	0.049396207602949445
82	82	0.24554872779842818	4.4297509819811954E-7	1.443561327823396E-5	2.377226239806632E-6	0.43373046252735964	0.24288609336623557	5.558492631491448E-7	0.007270584661041798	6.898590510410911E-7	4.5226314247990914E-7	3.180193049268927E-7	1.4849188731412717E-6	0.0696238726073932	2.7886989969383437E-5	8.916153253212318E-4
83	83	1.3119919983072621E-6	7.151553692883989E-7	1.2144636993677534E-6	3.8378818952270415E-6	0.4805141590512897	0.28937939842550575	8.973835926061962E-7	0.03654600807176491	0.005568026547943126	0.001966822374322032	5.134221187171856E-7	0.13226075848805138	0.05375195012212418	8.39939478722117E-7	3.5466808467415892E-6
84	84	7.688647832895198E-7	0.320813072597125	7.117104145696889E-7	2.2491084057461184E-6	0.369756684323939	0.30356183927012315	5.258924157669649E-7	0.0011178139975599201	6.526799025248711E-7	4.2788894819007975E-7	3.008800256044595E-7	1.4048909033179565E-6	0.004740977210655308	4.922285243486291E-7	2.0784562742344037E-6
85	85	1.0151432583997679E-5	0.14888273007673108	9.396815213622123E-6	5.424755434837376E-4	0.07788366176868301	0.492178470943063	6.943433385326169E-6	0.051678836717052666	8.617426852435885E-6	0.009406620563372731	3.972562357099181E-6	5.313292180850578E-4	0.2083963208113357	6.498964173475727E-6	0.010453973723627136
86	86	7.922070829698875E-7	4.3182515572136256E-7	7.333175399623326E-7	0.002563394427533678	0.2313593654471832	0.2085739829469914	5.41858211879963E-7	0.002458966602438934	0.24331632999741235	4.408794144926691E-7	3.1001457289826025E-7	1.4475425960423477E-6	0.3112670901458136	5.071723037703019E-7	4.556656157489929E-4
87	87	7.902359324290748E-7	4.3075069879269473E-7	7.314929169609006E-7	0.00758659098660354	0.7139688268236641	0.17624095813420243	5.405099733570419E-7	0.031632365177255935	4.131491729094483E-4	4.397824289758867E-7	0.002488485104270059	2.143359931393847E-4	0.06583971755177775	5.059103698866584E-7	0.0016121323738568071
88	88	1.3826397850986697E-6	7.536648602894138E-7	1.279859808954958E-6	0.010689780227138459	0.2814761345466888	0.27388239391985053	9.457056592059518E-7	0.006759366589523156	0.1389855790080405	7.694672668456083E-7	5.410687327391636E-7	2.580686738723819E-5	0.2881706436053996	8.851683103666749E-7	3.7376615483015447E-6
89	89	0.29713453133659984	5.787714227747909E-7	9.828589889366478E-7	0.001755156519794662	0.04055916919262851	0.15095292356793377	7.262477511484537E-7	0.0022409251694508773	0.003612270824424738	5.909067654286626E-7	4.155097799652548E-7	1.9401284912154043E-6	0.49384966797936564	6.797585364260537E-7	0.009889441228066101
90	90	1.2991916450099072E-6	7.081780086023559E-7	1.2026148737356024E-6	0.028682443798724852	0.23101850820219744	0.20404209821468952	0.1995701208029798	0.10091874460507445	1.1028678834765815E-6	7.23026673301667E-7	5.084129536317767E-7	2.373918748017119E-6	0.1573106544619706	8.317446710632967E-7	0.07844867995890652
91	91	6.698766545373364E-4	8.314318104125749E-4	2.137678800734039E-5	0.21857861660224479	0.004065841341125407	0.20539352424048612	8.231220685505437E-7	0.001546964139730209	1.021568699910098E-6	6.697279245422794E-7	4.7093470382129935E-7	0.004419494834076018	0.5426833274450493	7.704316491625597E-7	0.02178579035928485
92	92	1.1167528156218944E-6	6.087321975212952E-7	1.0337378257560775E-6	3.2667618537680584E-6	0.2092017654590557	0.2520891739729789	7.638428092769212E-7	0.39933738491943893	9.479977945224854E-7	6.214957402787261E-7	4.370191261987378E-7	2.0405614953639143E-6	0.1392254800855267	7.149470263729722E-7	1.346437143150497E-4
93	93	4.888333578396437E-7	2.6645879014303694E-7	4.524954183426809E-7	1.0019988746297604E-4	0.07023081746712502	0.4344845882245498	3.3435496208045863E-7	4.3993265355428125E-5	8.645792665106343E-6	2.720457431166637E-7	1.9129526598140747E-7	8.932097718522829E-7	0.039114657934547874	3.129519359078089E-7	0.4560138857830485
94	94	1.584543781846348E-4	5.099400224499964E-7	8.659707704306599E-7	0.022921731460820247	0.13813861347676554	0.29003114058806223	0.3206775453809988	0.03051683758761169	2.3707244323407673E-4	5.206321483253296E-7	3.6609455509713877E-7	0.0012303565428516035	0.19294823221880156	6.360646309440236E-5	0.0030741468220789785
95	95	8.307245971534424E-7	0.2544888302403095	7.689718143985817E-7	0.002114540922949454	0.2509447198371434	0.39638404390105825	5.682036357094487E-7	0.027867903184019074	7.051919412609572E-7	4.623151974666068E-7	3.250876402381181E-7	1.5505411998921932E-5	0.026928913020881132	5.318312809795747E-7	0.04125135115553303
96	96	2.642437182669062E-4	1.359952337626484E-5	0.2111650063040312	0.028521981071421017	0.16712217332994847	0.2929357096983929	5.351200011065993E-7	0.12823118905797515	6.641321678921688E-7	4.3539691306451524E-7	3.061594250215578E-7	0.001674409194223915	0.14958301056209686	5.008654253170622E-7	0.02048623586633481
97	97	1.263428087294647E-6	6.886836059246546E-7	0.01065905245000173	0.0032584983956958696	0.27407682436316855	0.30742929639684174	9.15612602560489E-4	0.06961331195403384	1.0725086371294264E-6	7.031235233240519E-7	1.91953392565695E-4	0.2998270633783236	0.03125491654775548	8.088487814059203E-7	0.00276893392641796
98	98	1.5279488170187454E-6	8.328715433467935E-7	1.414367141838762E-6	0.2930623141148308	0.2814717611805747	0.17691190666899148	5.2499373670386286E-5	0.006209114854837798	0.011784326886307858	8.50334709576936E-7	5.979325483214263E-7	2.7919101517187777E-6	0.19864475435391146	0.031851176729513424	4.1304724503759635E-6
99	99	2.621120148500999E-6	1.4287496800049035E-6	2.426276437770145E-6	7.667386368305349E-6	0.604792008997394	0.17165642664321357	1.792808354432853E-6	0.04180976825030738	2.225036807786026E-6	0.11647010068461354	1.0257235271190434E-6	0.007110303349721715	0.058045174053750564	1.678045517076673E-6	9.535287415819023E-5
100	100	0.20077610449236882	0.0057524087892285225	0.007379485374960992	6.890686862525231E-6	0.43604057078420894	0.21300857988853195	0.02336307664606214	0.019289864965286972	1.999642533135439E-6	0.0024207496377598933	4.058474808725447E-5	0.026340489379196554	0.0580750253845414	0.004443756159678284	0.0030604134206926167
101	101	0.0033901218588017023	9.931351322124318E-4	3.2694460087952796E-4	0.018437875944613095	0.4973825328692817	0.23705770700376447	0.002737525732503876	0.024268730331089037	7.149523197620951E-7	4.6871398203869624E-7	1.4510673438439772E-5	0.0069360901545476115	0.19146188463699443	4.8269612793625893E-4	0.01650906126763557
102	102	1.2653600380145322E-5	2.4275126176705593E-5	6.566420363047017E-7	0.7093218967779508	0.04895526518882312	0.09289586369702785	4.852016490094588E-7	4.1200174429659774E-6	6.021789922917032E-7	3.947811701219655E-7	2.7759952454226373E-7	1.2961878941991016E-6	0.14877984122209284	4.5414249101717137E-7	1.917636348076686E-6
103	103	0.008477399175867362	5.813698650898492E-7	0.004759945204882064	0.01731495179986824	0.24731595391474046	0.2820260866122223	7.295083006737788E-7	0.19851759448952314	9.053855737403009E-7	5.935596903712639E-7	4.173752455914013E-7	0.01323723939288605	0.21638378721004714	6.828103687653275E-7	0.011963132190919103
104	104	7.872818757229438E-7	4.2914046830554415E-7	7.287584531531193E-7	4.20710239538934E-5	0.1406019672866329	0.1095936984348551	5.384894412020208E-7	0.008143764948788755	1.729964927710576E-4	4.3813843611218403E-7	3.080871904575826E-7	7.04007272174321E-4	0.2563741457631086	0.48218800438309456	0.0021761144987557652
105	105	1.717071117853342E-4	5.026244526497188E-7	0.0018173851184832702	2.697334551011179E-6	0.31444091942085206	0.15812317619807253	6.306978265426895E-7	0.004383662339680389	7.827528665728839E-7	5.131631899112723E-7	0.005123911427114407	1.6848724428930827E-6	0.5035707188942671	0.012219482173600247	1.4222587081513474E-4
106	106	1.057496460393922E-6	5.764320762854791E-7	0.0014788607083580858	7.153256266013772E-4	0.17078714299956088	0.15821295011342298	7.233123174691705E-7	0.05429604160097826	0.21931499892022804	5.885183688824254E-7	4.1383032360858756E-7	0.014602692455850986	0.2927846673949986	6.770110083291339E-7	0.08780328357944585
107	107	7.29904441815215E-4	3.234271592326194E-7	5.492380553172506E-7	0.0010307636580762218	0.24262736759347264	0.20149437135302323	0.1163904644446693	0.05400243897980509	5.036832861637319E-7	8.025471235511879E-5	2.3219382035699654E-7	0.008632930582710835	0.22940544712335048	3.7986044878713644E-7	0.14560406870795195
108	108	1.065598288116753E-6	5.808483117537653E-7	9.863859236153193E-7	0.05182025196456471	0.2335297648057102	0.23837084479442777	7.288538507086804E-7	0.04918581727816986	7.267345816449941E-5	5.930272014080972E-7	4.1700081364229537E-7	1.9470905341267167E-6	0.23700264351970599	0.18785573821984491	0.002155947154488715
109	109	1.1378270711411506E-6	6.202195899808505E-7	1.0532455044251231E-6	0.00860544443058188	0.3249004891665849	0.25403006876651524	0.0034301296334010097	0.006558777006758478	9.658874720536164E-7	0.19995672435476952	4.452661192696131E-7	0.03667123288943104	0.16147099463567202	7.284388001171251E-7	0.004371188231728968
110	110	0.018487260100264576	0.0018252345515274548	0.002162434303037802	0.00825605954463287	0.27037142916631124	0.22588630703721402	5.702055474289592E-7	0.030492706847159764	7.076764941976028E-7	9.970746333848274E-4	3.2623299854975244E-7	0.011006351164460134	0.2684000913625659	0.15962668524349705	0.0024867619309041325
111	111	1.157587227886665E-6	6.309906786862449E-7	1.0715367692287246E-6	0.0037846602153391424	0.45497409944132783	0.15743880415147996	0.13737408649177815	0.003456648472451437	9.826616272221748E-7	6.442209243340784E-7	1.9944101975711635E-5	2.1606278367796248E-5	0.24292179347914425	7.410892856213879E-7	3.1292816228112516E-6
112	112	0.004593779573378698	5.109460680092877E-7	8.676792185024196E-7	0.006868330870024185	0.2944572976101994	0.24308083302809624	0.001326410026559699	0.004140580433010178	7.957123798693032E-7	0.0014525542494756292	5.054216307904803E-4	0.17890159765661415	0.2630106754345972	6.000986533120311E-7	0.0016597450509344578
113	113	0.0075460593612223575	9.35766346137005E-7	1.5891012041260335E-6	3.3927318269521654E-5	0.2076762477166696	0.5187521851728449	1.174208293188048E-6	0.10314489230686247	1.4572983586845873E-6	0.0017352870297577254	6.718024651565656E-7	0.007229518673970149	0.11435645851108295	1.099043831219637E-6	0.03951849668882182
114	114	1.6817201925764424E-5	5.139065714644884E-7	8.727066910385927E-7	0.009178167990093323	0.0986539968675553	0.2796669792484603	0.3562859467747782	0.0539626019231554	8.00322865001574E-7	5.246818656331237E-7	3.6894220763038117E-7	1.722691794872956E-6	0.19327436619900626	3.235239963132369E-5	0.008923968143398495
115	115	0.33497402398427945	4.862204425118491E-7	8.256906158849493E-7	0.031257556514134865	0.2321315173110777	0.14007608513054606	1.9585966401965526E-4	0.039700916145767165	7.572063857142287E-7	4.9641523002729E-7	3.4906586803149754E-7	1.6298837440971313E-6	0.22164149519255874	5.710587692766759E-7	1.743051656078894E-5
116	116	0.2457838974309849	4.944260418003687E-7	8.396252137295837E-7	0.005760447867874066	0.3879509585922387	0.2767936802932213	6.204103845439362E-7	0.00955068345730611	7.699852235347461E-7	5.047928795503722E-7	3.5495680635479913E-7	1.6573901418574582E-6	0.06986043932636794	0.0019402090922071835	0.0023544423531083893
117	117	1.4321859401409239E-6	7.806720362872702E-7	1.3257228986839337E-6	0.010952269202257447	0.25611405265774606	0.31586584980362814	0.1439658165084485	0.02713737026300165	1.2157651125720515E-6	7.970407136058947E-7	5.60457640544169E-7	2.616929586182134E-6	0.24595112430450328	9.168878419587645E-7	3.871598644979551E-6
118	118	9.913879926033452E-7	5.403969283906304E-7	8.438114576807069E-5	0.06301780753873522	0.27722645203789636	0.09455524885752181	0.014139387141686837	0.02324198343660334	8.415771309075887E-7	5.517276569599155E-7	0.16272073717652594	0.05308456800644599	0.31153926299544166	6.346882563254812E-7	3.86611885409603E-4
119	119	9.381435179510213E-7	5.113738307027803E-7	8.68405637243717E-7	2.7442880957461554E-6	0.28181413654357657	0.20505759278949479	6.416766273005425E-7	0.017997293611358173	7.963785481640989E-7	5.220960198358397E-7	0.397053056901849	1.7142016685134095E-6	0.08304388317638188	6.006010543135736E-7	0.015024699812339913
120	120	0.0025777408809341856	2.644024410953777E-4	1.6092897421436005E-6	0.001644359816233759	0.34131021905953723	0.06312582119721803	1.189125875973851E-6	0.08888217857153662	0.14607251850663627	0.014110434975168418	6.803372957720693E-7	0.08404525354914737	0.2526301382883778	0.0011720231683739284	0.004161430792827216
121	121	1.3207155706155063E-6	7.199105122951135E-7	1.2225387957942875E-6	0.004406949529551957	0.04460137681192158	0.33564570298989116	9.033503901693157E-7	7.670665118731175E-6	1.121139280439401E-6	7.350051773097422E-7	5.168359161969415E-7	2.413247857561745E-6	0.1899601260235414	0.006071767308493682	0.4192974539279812
122	122	3.2955279303452686E-5	4.852537961736193E-5	0.00428953440411333	0.0034113004302045494	0.4082808069209405	0.1884522899380946	0.004209292500693147	0.07913759928321276	8.067776539020117E-7	5.28913546159386E-7	0.0034088922250250803	0.008755072773710171	0.1913286336739126	0.10468858895914099	0.00395517254083146
123	123	1.3039266141110336E-6	7.107589988678868E-7	1.2069978639507602E-6	0.014955251941041156	0.1209212384628559	0.3847079594925276	8.918669862129415E-7	0.1468873351139448	7.256258925169364E-4	7.256617802703141E-7	5.10265890136799E-7	2.3825706139397634E-6	0.12121892834466681	0.0016474688786793008	0.20892845982502004
124	124	1.2839405628514747E-6	0.005859341085811925	8.226953845791211E-4	5.009836776267155E-4	0.2863741705503453	0.22657311665712623	8.781968155835059E-7	0.04650907060661256	1.0899214265274455E-6	7.14539134731345E-7	5.024447442794218E-7	0.15133256209304233	0.2701074482085935	0.0068755375096447215	0.005040605183933675
125	125	6.919357193647691E-7	3.7716811195845104E-7	6.404999531617751E-7	2.024072992394139E-6	0.19073967251208082	0.36402860159241107	4.7327404625732333E-7	0.005514754454142238	5.873757618814193E-7	3.850763536176296E-7	1.1921379413318346E-5	0.2584000116666079	0.09002671334921236	4.4297840854388103E-7	0.09127270266478503
