0	0	3.990483477961843E-4	0.2037471625280801	4.370806359454144E-4	1.236068219311267E-6	0.18319733318519554	3.873205742814372E-7	6.465026613085234E-4	3.567281334637152E-7	1.0471092180595556E-5	0.3386436816118176	0.2625865337132659	3.7684254191964335E-7	1.0238184524848976E-5	5.731385641362273E-7	0.010319017941852197
1	1	0.03359074249271758	0.10575914838488167	1.3267791466297452E-6	0.011491144232441627	0.22582415375059361	1.0487771319781047E-6	0.06821018951100752	9.659396725930868E-7	0.001236242561034678	0.00483479772933638	0.22319232633014702	1.0204049734642869E-6	0.044282726826635734	1.5519305181140999E-6	0.28157261434976144
2	2	6.52636338719918E-5	0.11447609801495887	1.1066962040273326E-6	0.006005082890241043	0.059958829013039366	8.74808496786499E-7	2.5020754152381213E-6	8.057119164810724E-7	2.2134238233305906E-6	2.7033485240617244E-6	0.09101196808184812	8.511426438771705E-7	1.687374835120416E-6	1.294500006028766E-6	0.7284687192841758
3	3	3.0393060809028455E-6	0.20701216533052064	3.5280957407279574E-6	8.900139369871634E-6	0.15834304571800772	2.7888485749146453E-6	7.976499407296904E-6	2.568571908393774E-6	0.0017838798810257905	8.618148665132516E-6	0.3405080126407695	0.29003499468708605	5.379272059609278E-6	2.091449119468713E-4	0.002065957948836595
4	4	5.998220984209015E-7	0.10796674820044015	0.004141239882940471	1.770889515248151E-4	0.13371137891224258	5.503930699492178E-7	0.09875421331670639	0.18030971647095892	0.05030832292721284	0.0015931801316975448	0.4127542559003127	0.007216140792569733	9.586466269454342E-4	8.14445487194826E-7	0.0021071032257928618
5	5	0.012202734868150716	0.14533014032238709	0.2643130664943635	0.00399319788205819	0.08016909521085243	5.817211020103232E-7	0.013828810857272944	5.7554937078400375E-5	1.4718596703776844E-6	0.0318897646114102	0.44460127945594935	5.65984028027846E-7	7.239600693927163E-5	1.5766350175880527E-4	0.0033816762869786927
6	6	8.813509565238085E-7	0.07679574307720667	1.0230922694283115E-6	8.185026846454226E-5	0.03315462433742363	8.087222193728284E-7	2.3130593613146E-6	7.448454509361414E-7	1.0113292363406659E-4	4.213381157449258E-5	0.2676055388982504	7.868441727392073E-7	0.6052430022509984	1.196708675898037E-6	0.016968219809341555
7	7	7.210412969656002E-7	0.19165380628266052	1.7049750330888963E-5	0.013912650243133796	0.17696232989884608	0.006323633797988204	6.341895525602305E-4	0.00486443411483525	0.036772189135663255	0.03205464966129047	0.2943360409130289	6.437244307981604E-7	0.0025791032894645085	9.790383381018064E-7	0.239887579556132
8	8	1.1606830238781662E-6	0.215471207325688	1.3473472970064791E-6	0.015296930063202496	0.16410560925616965	0.2671419953729906	0.001986507533672091	2.707909005349564E-5	2.69473284054073E-6	3.2911916689569327E-6	0.3229806923384591	1.0362236144134557E-6	0.012946749629330402	1.5759890363323707E-6	3.212322295303358E-5
9	9	9.89451508632428E-7	0.14701878282897918	1.1485778530821524E-6	2.897456225910093E-6	0.16018586048803363	9.079146214115381E-7	2.5967635907901425E-6	8.362031602411469E-7	0.013506835164071666	2.5053656904625977E-5	0.25617694733233515	8.833531614308881E-7	0.42075598878942444	1.3434888746601612E-6	0.0023189285312551823
10	10	0.221104742359747	0.1179372525479633	9.250191661090386E-7	2.0251158332895656E-5	0.3533006444995406	7.311985197543546E-7	0.008118792085052243	6.734449457721551E-7	1.9767726299764016E-5	0.009229855342828202	0.2902231890245984	7.114176915164134E-7	1.9328034363859755E-5	1.08199279237367E-6	2.2054148158213853E-5
11	11	0.3728050093623215	0.13982357207562596	7.286178249469611E-7	1.8380454120167014E-6	0.2135493875282949	3.251832096695984E-4	0.025448033826270075	5.304581889627478E-7	0.0033886634499838285	0.006366904781287769	0.22565291044117408	5.603685091216537E-7	1.1109203932945904E-6	0.002075516056206294	0.010560050858837619
12	12	3.7850446663766017E-6	0.2811250929999624	4.393766080296022E-6	0.22886499321571724	0.0010221961131657137	3.4731337163241423E-6	9.933651213232434E-6	8.83062500861338E-5	9.38950980505852E-5	1.0732738582653858E-5	0.3763965099636839	3.379176385128928E-6	0.11234852149517299	5.139378084730211E-6	1.9647975432359217E-5
13	13	7.622430537856146E-7	0.1347512847219479	8.848291023922256E-7	1.937128970578182E-5	0.05733073442360961	6.99429540066962E-7	2.0004669174126163E-6	6.441852328148582E-7	0.3719904980518739	1.564139951587288E-4	0.4261760234561226	6.805081456401042E-7	2.24158414465595E-4	1.034982567223909E-6	0.00934480900255658
14	14	4.769051689450286E-7	0.47494770424220395	5.536023850504338E-7	0.013030208976215232	0.02379512231324731	4.376052511258362E-7	0.00765768953615836	4.030410848110774E-7	1.1830522898899116E-5	0.007614897009303062	0.306510629801644	0.11649838319195367	8.440751217880512E-7	0.0019522885867747548	0.04797853059058906
15	15	0.0032267491723571786	0.1175147941689537	0.0046623802926017855	0.0027804374568942743	0.37681663511173	6.299128778076188E-7	0.25084747034511395	5.801593307093229E-7	0.0033357064291408686	1.9465677971395996E-6	0.23063421620821511	6.128720905191466E-7	0.0018998069252592355	7.811064834721181E-5	0.008199923729290437
16	16	0.0021794254891082895	0.14591085721567312	5.828463092739071E-7	0.011675080609878206	0.2122475801924996	0.28651195206991725	0.021542176956933876	4.243316414659008E-7	0.0028687643695173605	0.033294921562329674	0.27973316553152533	4.4825792918070963E-7	8.886632044391764E-7	6.81753988242904E-7	0.004033050149544633
17	17	3.563318156790513E-7	0.19048318724856875	0.006289981131633932	0.013165068165844847	0.1894803167772291	0.20568921447650593	2.4971737831364052E-5	0.0013623730836653525	8.272879210652067E-7	0.002484788647732853	0.3554815794930173	3.181225488589673E-7	6.306721761510655E-7	0.012379314121364612	0.02315707270214428
18	18	1.687169765477051E-5	0.2571472747787755	8.33932049241816E-7	0.004056582084129577	0.12924272758499417	6.591970224208884E-7	1.8853962549017303E-6	0.3845137667915476	1.6678877709290008E-6	0.006301824168030198	0.18544964375346495	6.413640225949992E-7	1.2714925279135472E-6	9.754484011444665E-7	0.03326337442335406
19	19	0.21169250158150005	0.3151569217281152	5.000841051888266E-7	1.2615355591001507E-6	0.0903571836649609	3.953007363132279E-7	1.1306157377164142E-6	1.0050728975979014E-5	0.004757145819498483	1.090821624432072E-5	0.3779983457750975	3.846068197418834E-7	7.624760358521088E-7	5.849472283595526E-7	1.1922919385328851E-5
20	20	5.6352913908261E-4	0.08538293624604608	0.46452442071514544	2.442742117811462E-6	0.0831290030883815	7.654304714826879E-7	2.189238869771017E-6	6.3842593656197E-4	2.0693176549170648E-5	0.00482278557050176	0.35923579639862624	7.447235796121027E-7	7.65023966749219E-5	1.1326476064060933E-6	0.0015986325497852536
21	21	1.1605315850899058E-6	0.17992811070556122	1.3471715034109608E-6	0.01795660085053432	0.02930470581493686	1.0648966478098122E-6	0.0017774901787874484	3.402128083241052E-4	0.001020390448245943	0.027298421174548653	0.43433712898233445	1.0360884143241072E-6	0.07270208588942206	0.014745121369401598	0.22058512308975267
22	22	0.005314981449231885	0.17600166603306974	0.01823127052875449	0.003533123479751216	0.20557790547503474	7.351369282567531E-7	0.018700811554806195	0.20500193715105203	1.860029476612053E-6	0.028969057867152436	0.3061617079402085	7.152495557903814E-7	1.9432139737184155E-5	2.893145483649764E-4	0.032195481416875935
23	23	0.2746961841770174	0.1362495073183023	0.007991267043966533	0.013843781567496842	0.141673451501522	6.418917128917324E-7	1.2766983771121405E-4	5.911920198158936E-7	1.1172879714820342E-4	1.7500524848378736E-4	0.4249192475299369	6.245268668519253E-7	1.2381131724080486E-6	2.05429988577291E-4	3.6312660655287848E-6
24	24	1.166589520469127E-6	0.05118134064222595	7.095907923466412E-4	0.00383313995327264	0.8090687735812757	1.0704553720710577E-6	3.0616530125246777E-6	9.859056610755842E-7	2.7084458267813855E-6	3.3079399214711633E-6	0.13489556724782825	1.0414967605869528E-6	2.064748414752755E-6	1.5840089467463146E-6	2.9459653961434507E-4
25	25	9.012784153784504E-5	0.13941390840265172	0.13399601564676888	0.02948489230107107	0.3440013573613827	9.093915681109559E-7	0.012169771518293149	2.3121758561262575E-5	0.07184654596205947	2.810217736198913E-6	0.26339036172772645	8.847901528675578E-7	1.7540804106702893E-6	0.0012046922103664307	0.0043728467897132
26	26	4.604245558399349E-7	0.20019264355583746	5.344713138937592E-7	1.3482823405102308E-6	0.06395929310689004	4.2248274185944256E-7	1.208360098983916E-6	3.89113024020874E-7	0.019288210031575423	1.3055635614453957E-6	0.35227868964210546	0.36426131211671414	1.1167638790543878E-5	6.25169867340203E-7	2.3900405831295024E-6
27	27	1.1121529504608263E-6	0.1559729315248205	0.010604245550731244	0.006229991862881001	0.16857223942627633	5.1034441211269274E-5	0.29155916162068873	5.095383684367097E-5	0.009230153346078475	0.00975587119924091	0.3479370535475277	9.928973943777391E-7	1.9684010537855345E-6	2.651706258348686E-5	5.773129718069743E-6
28	28	7.241879055647016E-7	0.22559453738777568	8.406538193581817E-7	2.1206726528795817E-6	0.06020027763146475	6.645103700133385E-7	0.5185174309798408	6.120241466695096E-7	1.6813315019695276E-6	2.0534815729364017E-6	0.19383235068896185	1.634815461563067E-4	3.384874368645585E-5	0.0016456169373531867	3.759222791568295E-6
29	29	9.721006264704018E-4	0.32055613377135217	2.0441860826356245E-4	3.1911203838200285E-4	0.09171237700176399	9.216113009081096E-7	0.008629584003671675	8.488180101507527E-7	0.0056030729959568775	2.847979368308068E-6	0.36848820769458623	0.20219216901377074	1.7776504487866945E-6	2.3947390249251598E-5	0.0012924807964048944
30	30	2.3947181501133533E-4	0.1706602236832516	0.23687557336345802	0.004940721035573738	0.17350264360994208	7.491724778216535E-7	0.0035452569557193774	6.899992342299731E-7	1.895541957223075E-6	0.012412393917773835	0.3873854567024259	7.289054071096375E-7	1.4450417330018046E-6	1.1125721830840374E-4	0.01032149303772632
31	31	0.002959990032455102	0.0475389414907374	0.008476553145879842	0.01061818396342643	0.2838536435046772	5.862505302392089E-7	0.07971740217209759	5.399456452380079E-7	1.483319943551424E-6	0.008707475653238726	0.2836897780226761	0.26601175933919047	1.130789647603373E-6	3.456462783878031E-4	0.0080768860914667
32	32	2.9522295888822924E-5	0.1195372875254172	7.454834293678699E-7	1.8805913747496287E-6	0.10411289010109473	5.89281173868058E-7	5.070870593337285E-4	5.427369140646607E-7	0.07929178706396751	1.8210069946569827E-6	0.5019880630201201	5.733395802115879E-7	1.1366353061815912E-6	0.19156253065780324	0.0029635432016016186
33	33	9.733828860249066E-7	0.19008987837675034	1.129925029881101E-6	0.011690346735190725	0.26811227455981734	8.931701520928984E-7	6.821468409445622E-5	8.226232799863751E-7	0.0010965947448169384	2.760090032579559E-6	0.27712069355336866	8.690075684873669E-7	0.2142506022077064	1.3216707102367671E-6	0.03756262526859585
34	34	0.002338695188949061	0.23600623429596437	0.13767891362110937	0.0039057970293090113	0.16415973262645878	4.5009131686903324E-7	5.858384936042074E-4	4.1454094106100493E-7	1.138812491067166E-6	0.003277083280464762	0.44229131136587163	1.1467182513521414E-5	3.2071691177752845E-4	8.05802539647182E-4	0.008616404019581672
35	35	1.3545620438778404E-5	0.1685713985489037	0.005564305117785215	1.9622170340290605E-4	0.22375166446815772	5.292432832069801E-7	0.034874744695077606	4.87441104611836E-7	1.3390812911524835E-6	0.0066157477127230776	0.361644146351075	5.149258711795072E-7	1.0208311887920701E-6	0.18435295066447643	0.014411383595220621
36	36	6.022426075675391E-7	0.16275816959429495	6.990969392634376E-7	0.02218280329895317	0.1420779640575473	5.526141142614653E-7	0.4279412736967481	5.08965995085391E-7	2.8481290309927225E-5	0.043470045619069274	0.1995562874151207	5.470381763317529E-5	4.0731205882558146E-4	8.177320829310996E-7	0.0015197784997587217
37	37	0.03856215802426776	0.20340880404476733	0.002429016203034387	0.002521847936262512	0.190241882227035	6.232270130116156E-7	0.03332500897282622	0.01339400644966386	0.17471180174195972	0.002506513046691292	0.3046678147973083	0.0066744147819496145	1.2021117560998226E-6	9.222216920210383E-7	0.02755398421377288
38	38	1.1035976844612357E-6	0.10204207746499093	0.017048912301956702	0.008465010822304034	0.1933308245738797	1.0126544506088538E-6	0.004717670616510799	9.326701342411321E-7	0.011193947469049892	0.02662919671657483	0.3025297947982692	9.852595048988845E-7	0.32395657565387	1.498477892285658E-6	0.010080456922927429
39	39	0.37026179175759655	0.15917886920447513	6.168962881301711E-7	1.5562114365927486E-6	0.23721779142678792	4.87637088234738E-7	9.573393575133969E-4	4.4912116692065963E-7	0.003299242841597535	1.4489860168483902E-4	0.1729615026396084	4.744452323649235E-7	9.405790574522796E-7	7.215821702447144E-7	0.05597331769829628
40	40	4.763126821326724E-7	0.1711366888443186	1.0765271697824967E-4	0.0010509728714501274	0.12810218772400414	4.3706158886928446E-7	0.4127745983540995	0.0036953457219695385	2.252580539413156E-5	0.002978725121127393	0.1836612099534756	4.2523793224901475E-7	8.430264785548408E-7	6.467429517483425E-7	0.09646726450554917
41	41	0.40219890731572433	0.13112372518307175	7.216715122496192E-7	9.523795179592915E-4	0.23407530162061732	5.70458603280017E-7	2.3927134079789773E-4	5.254010405822932E-7	1.4433635102563977E-6	1.2757211999246313E-4	0.19265040675224546	5.550262092810128E-7	1.1003293808742726E-6	8.441375090637324E-7	0.03862667576182588
42	42	6.617044609970289E-7	0.041766747614025206	7.681216133949928E-7	3.169479801768307E-5	0.6771973276634339	6.071759454112109E-7	7.612935490564218E-5	0.14347440964001396	1.5362650311047931E-6	1.8763057308001573E-6	0.10362320366425683	5.907502514828046E-7	1.7971374265077634E-4	3.0655568586432776E-5	0.03361407763107646
43	43	7.375550110183566E-7	0.26717222183313427	6.719242319047328E-5	2.1598161607535762E-6	0.20333737477241104	0.19655499302403076	1.935674443980044E-6	6.233209264774176E-7	0.0043633209695086795	2.091384863673043E-6	0.2919890323327304	1.6649909871470505E-4	0.03413130732661944	0.001510151205923444	7.003592623309427E-4
44	44	1.360474781717788E-6	0.2882294548992214	1.5792701211983522E-6	0.23588757100772356	0.09580987005989704	1.248363295832938E-6	3.5704947120004166E-6	1.149761561810321E-6	3.1585850724109734E-6	3.857714100491217E-6	0.36878733191852525	1.2145918107077802E-6	0.01125972343476077	1.8472686306980646E-6	7.0621557851058E-6
45	45	2.4710829279016132E-5	0.28442841689566534	1.221403614549E-6	5.0398452778976226E-5	0.4647742631733641	9.654810923945466E-7	0.014434532690258621	8.892227546222604E-7	0.015002021514922172	5.23473658247727E-4	0.11842579029171599	9.393623091370909E-7	0.08654517265659517	0.0028641242872522185	0.012923080080149918
46	46	0.13651993699817766	0.20165357749110974	1.7856381575520547E-6	0.005261863695588304	0.3132282932978077	1.411490729549974E-6	0.00145672840931316	1.3000044066541902E-6	3.5713270031928713E-6	4.361813350547486E-6	0.27049818486937544	1.3733062216135325E-6	0.06630770618679845	2.0886568484689955E-6	0.005057816815112066
47	47	9.72829293499023E-7	0.18018210463657264	1.1292824070650112E-6	2.8487806310916383E-6	0.11960863000084353	8.92662178994501E-7	7.462776265931242E-4	8.221554290451303E-7	0.11674512882731347	0.16480335516936842	0.41774575713006407	8.685133373869871E-7	1.7218119195596771E-6	1.3209190358059021E-6	1.581696550123072E-4
48	48	2.922185682637305E-5	0.22416116174961737	7.220337113419364E-5	1.8614531914725275E-6	0.09670723205301879	2.916947394735565E-5	0.004346769109659452	0.13812900585133137	0.015066397787401088	0.005947729933096098	0.44723957094838507	0.0025447383883188193	1.1250681283773096E-6	8.631162849262633E-7	0.06572294983965925
49	49	4.500393394692181E-7	0.3513512183762561	5.224159181327702E-7	1.1437090020775526E-5	0.0956975636584032	4.129533311634819E-7	0.0015797792975965046	3.8033629198982753E-7	0.051325724556016486	0.15843789090451021	0.3386963781779676	0.002590921893378798	7.965252528342392E-7	3.0418764426655453E-4	2.336131450187377E-6
50	50	1.9409011733019663E-5	0.12266690253333255	0.004851011536294183	2.4200912904070284E-6	0.18668075088203176	7.583328604114129E-7	2.168938703239035E-6	6.984360857685746E-7	0.04474876038239892	2.3434134744589934E-6	0.2026356265398961	7.378179774436189E-7	0.4274750281658984	1.9704720340570148E-5	0.010893679197682778
51	51	6.538344219097961E-7	0.08374288453919322	7.589858927258918E-7	0.08219850401592044	0.10144112724128174	5.999544459278709E-7	0.012571575354081307	5.525671597904684E-7	0.0021626517147223493	0.45114954452274486	0.21521075336328907	5.837241124071257E-7	1.1572224526808294E-6	8.877840541370012E-7	0.05151776517622742
52	52	2.0092548903489203E-4	0.18803559343937776	6.465155221713349E-7	5.651674577889621E-4	0.09647758693859454	1.3034084104117567E-5	1.4616753791221841E-6	0.007276353406514855	0.3178358945520114	0.00911834796749033	0.3736823738062911	4.972249194006894E-7	9.857393733318552E-7	7.562277202206921E-7	0.006790375475877828
53	53	8.440501255947555E-7	0.19335763262100983	9.797926150916504E-7	2.4716706883037735E-6	0.2735391360473512	9.566762426687898E-5	1.7302279759602267E-4	7.133218518205005E-7	1.9596130431054385E-6	0.003019994862766985	0.23477706443785973	7.535430896262819E-7	0.2936008351991427	1.1460611697478606E-6	0.0014277783574233958
54	54	0.011814927447190454	0.05761933752938275	0.005514567950682196	0.04216933920378473	0.5009264179999239	1.2361492247409789E-6	9.440925523734067E-5	1.1385122167665907E-6	3.1276812619952017E-6	0.185628486576607	0.014739834493522105	1.202708162115086E-6	2.3843470907560236E-6	1.8291948292200759E-6	0.1814817609508839
55	55	0.17452761985850504	0.0714939167748286	6.685081087319905E-7	1.1822769160023039E-4	0.1416495914481515	1.3477465914868128E-5	1.446042865215548E-5	4.866963015771639E-7	0.001231495009437633	1.4582009176990235E-5	0.48611445654608154	5.141390718147079E-7	0.12470019076574451	9.142517155295606E-5	2.8887486871897412E-5
56	56	6.86886221863256E-7	0.15636557085437736	7.973531751038991E-7	0.001160368881373518	0.08783454811975604	0.017036207047501993	1.8026968642609081E-6	0.0015450570877622754	0.2956607479574607	0.028512985523527684	0.40126434622638346	6.132317858253248E-7	0.004480197825892088	0.0010357319760928723	0.005100338331824897
57	57	5.292420736625644E-7	0.19772241450505038	6.143562563952942E-7	1.5498038337084692E-6	0.18992584344310953	4.856292731399617E-7	0.008164862753793245	4.472719387136928E-7	1.228729952238958E-6	1.5007000773387372E-6	0.34716902552696743	0.2537226657650672	0.0032853663926684282	7.186111009628771E-7	2.7472688376613962E-6
58	58	0.001748488075167361	0.21839756063898977	0.24014055817678745	0.005276905719888541	0.12047155923077846	6.425688900429298E-7	1.837837456173728E-6	0.0013547337142169641	1.6258155865845787E-6	0.0032298820636028837	0.25392686233399137	6.25185724593889E-7	1.2394193459169324E-6	9.508428817164037E-7	0.1554465283766922
59	59	6.665240799129206E-7	0.17362613919486103	7.737163368339819E-7	0.01987460678911499	0.16812342025998492	3.058543697439881E-5	0.0018901010877975571	5.632914166459238E-7	1.0645588965384843E-4	0.054584250019514204	0.14983328426380826	5.950530652832802E-7	1.1796818960291372E-6	0.03345170886537181	0.3984756699261243
60	60	7.235516800115608E-7	0.3643027363830394	8.399152742414913E-7	0.2885363028001863	0.09099378434672661	6.63926573357138E-7	1.8989234361833208E-6	6.11486461079543E-7	1.6798543907714066E-6	2.0516775142942086E-6	0.2428601093804894	6.459656268352627E-7	3.103953315511349E-4	9.824469656737073E-7	0.012986574010084777
61	61	1.0552586552153773E-6	0.07116358212345332	1.2249682880658493E-6	3.090162310960874E-6	0.09711768521348269	9.682988545495639E-7	2.769470995619493E-6	8.918179563772119E-7	4.9905349992829915E-5	2.9922540635039935E-6	0.273926777122809	1.433082397757332E-4	0.5575313837038183	1.4328425908716007E-6	5.2933172952999236E-5
62	62	7.380813476880412E-7	0.0717968212477678	0.5045659409894683	2.1613574565595834E-6	0.07058253064741014	6.772589070921789E-7	1.9370557869649306E-6	6.237657430072843E-7	3.490538343135736E-5	0.002524669359895739	0.3491545242328976	6.589372861481064E-7	1.3063312037850514E-6	1.0021755190242812E-6	0.0013315031758787772
63	63	7.579431904833312E-7	0.14897149710921084	8.798377231106786E-7	2.2195198016196273E-6	0.6456551115676088	6.954840119353109E-7	1.989182151690063E-6	6.405513414613104E-7	1.7597004217699678E-6	0.003921923088783131	0.19420952631548463	3.476165971886278E-5	0.0042960502706366616	1.0291441623513329E-6	0.002901158625752702
64	64	5.195890689557106E-5	0.14712487494985096	6.632349233627308E-7	0.033943155104533045	0.13170644779726928	0.0030452370722662135	1.4346364933547182E-5	0.009507181069904787	0.28441861261036827	0.018128581148390457	0.36757011437035175	5.100835478863586E-7	1.0112313707978074E-6	7.757843653635039E-7	0.004486530271028724
65	65	9.588603755944894E-7	0.3249800838624655	0.0038388208127927326	0.03473621899010127	0.07604289949589288	0.0013807298204123425	0.05293269915290959	4.393066179760461E-5	0.008432247112821098	0.02255464195620018	0.25920921632725363	0.007395989507566189	0.010738654714268844	0.0019848362924132297	0.19572807243272927
66	66	0.0020425778684459053	0.3839762433640345	0.008887811618963608	3.1279396703453437E-6	0.02543506510971252	9.801363472567073E-7	2.803327890687846E-6	9.027204670071823E-7	5.548884318988746E-4	0.011819767386628975	0.37394703223697817	0.18659494104297722	1.8905365156180517E-6	1.450359149566506E-6	0.006730517920319705
67	67	5.417292072742147E-7	0.12078781449041262	0.0017059524865923373	0.058299292920812824	0.25086541737688123	4.970873901741219E-7	0.004203826411824162	4.5782503858500184E-7	1.2577210620728054E-6	0.3185072675912499	0.1258602415486793	4.836398789734919E-7	9.58807277383136E-7	0.001340632708052893	0.11842535765564022
68	68	9.793416923505894E-7	0.12367208754911581	0.004537397361863094	0.003460114946309941	0.32273535199401576	8.986379161440386E-7	0.03530172369257452	8.276591737490596E-7	0.027946519345297294	2.7769866127246587E-6	0.30856709862129955	8.743274152511779E-7	0.045320297171105015	0.12820574114893465	2.473112166741561E-4
69	69	1.4391461058077782E-6	0.3408480913805314	0.009968387613922346	4.214317536420148E-6	0.21875036770379291	0.010582867518014684	6.833258512261822E-4	1.2162481043548167E-6	0.017056782370040147	6.83629679470567E-4	0.25912182826663405	0.14228587813379917	2.547146694211068E-6	1.9540894781550267E-6	7.470534649609667E-6
70	70	2.6110350497622017E-7	0.13907238354766746	3.0309489708324986E-7	0.6087607536596468	0.024481971653065076	2.3958697096471463E-7	6.852524547535163E-7	2.206632402965641E-7	6.477159812373624E-6	0.059978482185275975	0.1671850433129441	2.3310551812712712E-7	4.621274565960805E-7	3.5452940443253287E-7	5.121290181409537E-4
71	71	6.058359379095853E-7	0.15134657716169078	7.032681589883807E-7	5.739121672325359E-4	0.01580205374791932	6.866758634087757E-5	0.03511996961917449	5.120027828022164E-7	7.778796513814774E-4	0.006744773712795433	0.48937699053065636	0.28812654849464275	0.0030388529752609123	8.226111490555125E-7	0.009021130634876345
72	72	4.099039637978275E-5	0.29024303818114744	6.950871930309326E-7	4.86452755470513E-4	0.1253891585585636	5.494445361411211E-7	1.5714886983443725E-6	5.060467654812434E-7	1.3901941171821868E-6	2.862564178632023E-5	0.31193905692800844	5.345806275006412E-7	0.27174233455061875	8.130418919796328E-7	1.2428310419552842E-4
73	73	8.818053074953096E-7	0.1582274588702169	1.0236196903871352E-6	2.5822309187988763E-6	0.12092848858812794	8.091391290310375E-7	0.4057138096833634	7.452294310654486E-7	2.0472684377954288E-6	0.009043866944914459	0.1922203248736576	2.061480798157791E-5	1.5607084401369695E-6	1.1973255989812577E-6	0.11383458890478443
74	74	3.4748206506757666E-6	0.1507305877701452	4.03365097529136E-6	0.04501420507484313	0.18142332681354417	3.1571645738744434E-4	9.119484554298265E-6	0.011957131995076312	8.067416451976971E-6	0.2776128342630039	0.27491555326941436	7.062901799936058E-4	6.150089902357219E-6	4.718152274157111E-6	0.057288790561783084
75	75	6.023568032955914E-7	0.24944422161307753	6.992295002661882E-7	5.164399372640203E-4	0.10641618519874636	1.4096824905209802E-5	1.5124959844182203E-5	1.4053168509587185E-5	0.20156478405493738	0.1787026426601652	0.25566672563966486	0.007585237129575025	1.066112143901282E-6	4.145020515618229E-5	1.667090970701744E-5
76	76	5.81752391789695E-7	0.2033828024938872	1.3756123367903302E-5	0.014796101874001176	0.18178418287732218	5.338124182326274E-7	9.309246220665704E-5	4.916493473891961E-7	0.36685272144118	0.0021338219423574353	0.22251251191025814	5.193713991782029E-7	1.0296443673207032E-6	7.899102273911874E-7	0.008427062735268023
77	77	1.551561140488455E-6	0.11775034798523266	0.26723732444633275	0.07236048024995836	0.09206754484810452	5.945051516714362E-4	0.005481353605373132	0.015421428918456274	3.6022261662887407E-6	0.07822137649312391	0.3062255351835628	1.3851880831412704E-6	2.7461102204374685E-6	2.1067279320058574E-6	0.044628711304641785
78	78	5.339504377845521E-7	0.20493215088368014	0.0017174743915690327	9.740476485357752E-4	0.11402088211089982	0.0033501572570267145	0.005308042722286685	0.165070615442001	0.01929484311277217	0.004287647487282538	0.34481888271101	0.0021015224973475457	0.08593972133453448	0.04812067686083795	6.280158977840013E-5
79	79	9.703458996529123E-7	0.23400634824198208	1.126399626911322E-6	4.647832848284834E-5	0.043069773901696744	8.903834320686171E-7	2.546621922052427E-6	2.2638466712423963E-5	0.002729554086718224	2.7514784615988383E-6	0.3687443081214641	8.662962365125117E-7	0.3513435743537771	1.3175470544864126E-6	2.685542653321718E-5
80	80	7.899859187744787E-7	0.07018471722447851	9.170336521142221E-7	2.3133519922548744E-6	0.049434568042629336	7.248862224242913E-7	5.349627352337358E-4	6.676312240286123E-7	1.8340933356407768E-6	2.2400560885060093E-6	0.2710383075448455	4.4477982501012447E-4	0.3562380012861076	0.25202226061654076	9.291568672073236E-5
81	81	1.7652607665013334E-6	0.13555602825891583	0.047354867999546225	5.169294051937415E-6	0.18040156428566262	1.6197924269435725E-6	0.32123377190354213	1.4918534346754812E-6	4.098367996901594E-6	0.027710175295941008	0.2754085988063159	8.096041345928254E-5	3.1243374857277574E-6	0.0065516132449902715	0.0056851508854640865
82	82	6.337467858472616E-7	0.14757467413089154	7.356677071443763E-7	1.8558297746613573E-6	0.11894419790311353	5.81522154570838E-7	0.003193644344553504	5.355907394093606E-7	0.024297577568106642	2.012958492719628E-4	0.4780077781134446	2.713141881308918E-4	0.0060430859120198105	0.22131630072912525	1.4578890418072969E-4
83	83	7.360170357419385E-7	0.15517089684027208	8.543853431612824E-7	1.8419960859963745E-4	0.08827511049190644	6.753647071413277E-7	1.9316381085290445E-6	6.220211560740241E-7	0.22606762566571717	0.001541188800481309	0.5253236367308409	6.570943292494002E-7	1.3026775752006313E-6	0.002632366926192356	7.981957377349446E-4
84	84	5.983694487076227E-7	0.12586878117328787	6.946008882198473E-7	4.4574906909504696E-4	0.012230238032418295	5.490601275028539E-7	1.5703892355399454E-6	5.056927192850897E-7	1.3892214937555054E-6	2.8605614389094865E-5	0.49646386186633934	0.36489866147867883	1.0590549194704861E-6	4.1175821825907794E-5	1.6560555133213006E-5
85	85	0.0039904860101599325	0.3020299388443385	8.939812224138884E-6	0.15916077695302927	0.18009298104428845	0.09542073579718728	2.0211584987338308E-5	6.508482828331779E-6	1.7879878218613943E-5	2.1837454663319632E-5	0.24703724561670856	6.875468971999015E-6	1.3630492381576173E-5	1.0456877809764318E-5	0.012161495682202926
86	86	6.066706292348488E-7	0.16049001771520283	0.15138966747503968	0.00448969949198104	0.4092332411413651	5.566772397209778E-7	0.02186828059392183	5.12708195364552E-7	1.4084941662438396E-6	1.7202537468560234E-6	0.24642112734524463	5.416176675727859E-7	1.0737471904307754E-6	8.237445027362976E-7	0.006100722323906728
87	87	1.427679174965766E-5	0.11129450965005323	7.056713819800019E-7	4.391844968007149E-4	0.0655561206736158	5.578110041840627E-7	9.857551765826444E-4	5.137524096603045E-7	0.37931298499306204	1.72375732563832E-6	0.43303854983182044	3.5593374470261957E-4	1.474481958884528E-5	4.1832078802142283E-5	0.008942606751100405
88	88	1.0510439903652227E-6	0.2774783596441605	1.2200758090885397E-6	3.07782031460869E-6	0.34605712558320745	9.644315039938065E-7	2.1545470594099497E-4	8.882560677588119E-7	2.440186251907685E-6	2.980303109146165E-6	0.2900611234809999	9.383411148418019E-7	1.8602442203229403E-6	0.07326348466963716	0.012909031213672047
89	89	7.81121885040835E-5	0.11825946189264931	7.994150871738236E-7	0.007063042215988912	0.35871884579949803	6.319124509274171E-7	3.277676895327095E-5	5.82000967932115E-7	1.5988528669758958E-6	3.2922157325662976E-5	0.051929569361083824	1.609952277630772E-5	0.0014877505644763052	0.45260338355010604	0.00977442379726527
90	90	9.902446233941893E-7	0.0972611547314001	0.013071195576577634	0.0157003145743646	0.18654341618947848	0.2263999350848021	2.4752304756380514E-4	0.027922195956716488	2.2990296678185143E-6	0.06252527704600078	0.3119800850821149	8.840612309280459E-7	1.7526353361621003E-6	1.3445657751949108E-6	0.058341632174347687
91	91	6.56486196378641E-4	0.18954626188735377	6.27109969837583E-7	0.01904830933004277	0.3478822880153231	4.957106819713042E-7	1.4178023132919174E-6	4.5655706941391796E-7	1.2542377411573307E-6	0.003912913363833868	0.038659560403619835	1.2629447960937117E-5	9.561518130326273E-7	0.3048091069163414	0.09546723686955694
92	92	0.28655057445528576	0.10692495261329553	9.85704124972437E-7	0.001587216540759021	0.12152798872602805	7.791680686221025E-7	2.2285303309230724E-6	7.176256290793477E-7	1.9714362306743227E-6	2.407798799443591E-6	0.47898184208485284	7.580895388965772E-7	1.5028987442987578E-6	1.1529758492673797E-6	0.004414921352462606
93	93	3.7310215071267525E-7	0.11449828439212346	4.331054766273499E-7	0.6300605896193784	0.025864215047015957	3.423562397517853E-7	9.791870265125778E-7	3.153152982200452E-7	8.662232476205822E-7	3.461504335077287E-5	0.2286462869683247	3.330946099867352E-7	6.603540154509959E-7	5.066024804864599E-7	8.91199589261378E-4
94	94	7.130300935733084E-7	0.2708258114582332	8.277015769992995E-7	7.075230917889611E-4	0.14599316986110195	9.684996653967992E-5	1.8713100844002014E-6	0.35066597431257995	1.6554266495824193E-6	0.0020381640433244845	0.20221303360235354	6.36572264389088E-7	1.2619929542864934E-6	9.681606320835903E-7	0.02745153946982294
95	95	6.400491525416505E-7	0.17193932347043428	7.429836379848706E-7	0.05607164749486937	0.04101628620902134	5.873051675041765E-7	1.6797754322831422E-6	0.01845060489405825	1.5877613933846425E-5	0.013155760669073022	0.4230937010039797	0.2675696739613344	1.1328238852538116E-6	8.690662535487793E-7	0.00868147267976663
96	96	0.25509861795975036	0.2411132528457821	6.929971781769392E-7	0.013277476599075322	0.07437912293582852	0.0010073017165079042	1.5667634858021863E-6	5.045251646414131E-7	1.38601402814591E-6	0.013357961523697715	0.36207708901149166	5.32973229949175E-7	1.4871385194568161E-4	8.105972064089683E-7	0.03953496968562764
97	97	9.62283628122572E-7	0.44440884734096114	1.1170407584427878E-6	2.8178992755782234E-6	4.3297311049268707E-4	0.002337692847590767	0.012227502981968463	0.006210669080211686	3.0515391015814884E-4	0.12573608147264395	0.39822277908051945	8.590984779740626E-7	0.001927407570487341	0.0020784709218293193	0.006106665360996984
98	98	3.398389278280395E-4	0.08762289963470808	1.2492146064989338E-6	3.151327208151622E-6	0.3318909948057796	0.18753038463748126	2.824288313182062E-6	9.09470088571431E-7	2.4984646738781076E-6	3.0514810211021886E-6	0.2725734707123813	9.60751305621377E-7	1.9046720165845028E-6	1.461203453810847E-6	0.1200244004091343
99	99	2.012854307454724E-6	0.09107001931693752	2.336567137301082E-6	0.003355090500039184	0.0899309252490772	1.8469827379769435E-6	5.2826305620453406E-6	1.7010991628331747E-6	0.364026088969484	5.7075783751744085E-6	0.45158044697938793	1.7970170346674809E-6	3.5625536382103845E-6	2.7330772097309597E-6	1.0448624908738096E-5
100	100	6.258892620808488E-7	0.1990543908791098	7.265465145448094E-7	0.0012684242192683073	0.09047699555506226	0.2027677840608061	0.022476603327633276	5.289502055905526E-7	0.025122182527962684	0.0014231717639005288	0.3679251552198599	0.013947137402712929	0.004800081840863402	0.06335856626736293	0.007377625549475708
101	101	8.53067987976571E-7	0.2791694394644559	9.902607551910192E-7	0.002361809557789393	0.1614883616738403	1.9259671137880228E-4	9.814580291246075E-5	9.022464677647588E-4	0.009746128774645027	0.011070083350312709	0.31433709144805455	7.615939715288579E-7	0.20274884594564688	1.1583057291603079E-6	0.01788148757475539
102	102	5.160031702648763E-7	0.09139440211857867	5.989882357201875E-7	1.5110357457939115E-6	0.08854985661293505	4.7348133677183273E-7	1.3542232576188754E-6	4.3608350475539296E-7	3.8407812825475165E-4	1.4631603118108402E-6	0.07682668584927116	4.606724309227059E-7	1.2515703055370873E-5	0.017288318841900706	0.7255373290980107
103	103	0.00951456420015891	0.2687629362387202	0.004772315650511831	3.160754420379964E-4	0.1960595018500219	1.158885189656029E-6	3.314574735811674E-6	0.11186045117565059	5.972801756353915E-5	0.012839438401706534	0.3423256095448607	1.1275343208225128E-6	9.677643973113672E-4	0.016103332184498078	0.036412681902712025
104	104	6.018025436293052E-7	0.09234235345514077	6.985861030183201E-7	0.007944836945828199	0.7513311108117884	5.522103142971489E-7	0.0026943764304034556	5.085940891833342E-7	1.3971920364789097E-6	0.0010436429896825681	0.1440389852097967	5.372715841394332E-7	1.0651311589470664E-6	5.962094429628457E-4	3.1239265674714227E-6
105	105	8.07279588240392E-7	0.19204964203488417	9.371085376177321E-7	2.36399383758603E-6	0.4210864237946724	7.407547872088985E-7	0.14686860241418456	0.001906624749673782	0.022038199948040713	2.0440926769455284E-5	0.21180655545256738	7.207154369964084E-7	0.003450277144499257	1.096133702439086E-6	7.665675488181268E-4
106	106	1.2760605677674576E-4	0.13941126961658337	0.00942039674621431	0.043060167109488734	0.2784901972790917	7.392251020495845E-7	0.29577320767498166	6.808375500136992E-7	7.445586896162302E-4	0.048403825371396786	0.1837628991834467	7.192271338128193E-7	1.4258547319439352E-6	9.16656160397813E-5	7.106415118462171E-4
107	107	4.157943792787782E-7	0.20337514125647133	4.82663588168886E-7	4.032338268084585E-4	0.21119886229484816	3.8153036622250196E-7	0.002067267704736354	4.8651056566270456E-4	9.653408774869637E-7	0.26625746773851333	0.3108857379916998	3.7120897409996115E-7	3.813277431161457E-5	3.7961429751092397E-5	0.005247067879011983
108	108	8.171883439605142E-7	0.18503584522479188	9.486108470006989E-7	0.002262472942933871	0.27775115728318556	0.1566996251900556	2.1446679497692034E-6	6.906204799025316E-7	1.897248621781032E-6	2.3171903218030253E-6	0.31346397291577704	7.295616822290972E-7	1.4463427865084737E-6	1.1095879272854445E-6	0.06477482542429584
109	109	8.708239329406303E-7	0.23820198492163658	1.01087226062442E-6	0.010948127780873455	0.15605790867902264	0.2402160894243013	2.2854317400297843E-6	7.359488750944881E-7	2.021773216414575E-6	2.4692774980426995E-6	0.34831224940036454	2.0358085861746827E-5	1.5412724900399189E-6	1.1824149596887073E-6	0.006231163892966843
110	110	0.31433142415388654	0.18271251084859744	7.566055056929749E-7	0.0022295418729995618	0.1573120971564911	5.980728249424024E-7	0.005614760079056277	1.5206315898767227E-5	1.61687142292901E-5	0.0020536156187774927	0.3066454964072975	5.8189339417996E-7	3.046455656802407E-5	0.009629536503224002	0.019407241201249172
111	111	2.0844511198188915E-5	0.2961048541391716	1.0302997537437855E-6	2.599082359134646E-6	0.14788122175261278	6.0685273400014914E-5	2.3293544107110254E-6	7.500927410051732E-7	0.3259190322615393	7.209669801117902E-4	0.22536594809982158	7.923873355635231E-7	1.4126955258299208E-4	2.116209055082543E-5	0.0037565141224107676
112	112	7.189315867609936E-7	0.564770393004956	8.345521647404402E-7	0.0023299101990831264	0.1616209609750243	0.0012777193301293423	0.004592835387999988	4.8556694001051267E-4	0.011592197785960436	0.00569222837832953	0.21292308739846136	0.0036540023384257427	0.005400486624559587	0.016651247467583036	0.009007810685725585
113	113	0.018160049986219316	0.2173459783350438	3.5506621919463263E-6	0.2337802192827127	0.10199625557448472	0.004404501532726328	8.02751879509021E-6	2.585001040971588E-6	7.587790714494399E-5	8.673272178136798E-6	0.4188215398984608	2.730758445335073E-6	7.419016099857395E-5	0.0038556361917265604	0.0014601839178308264
114	114	7.183393655850522E-7	0.22769757134802818	8.338647009073184E-7	0.0038624305258721297	0.14260614241054212	6.591437856834275E-7	1.885243990340426E-6	0.4144931215365979	1.6677530723482197E-6	0.00672126712185721	0.19123323331170985	6.413122260502235E-7	1.2713898422041314E-6	9.753696239524098E-7	0.013377581328785502
115	115	6.82218461804688E-7	0.15521094412370173	3.382677638977506E-4	1.7337582022713174E-5	0.26657538886497906	6.259994664371825E-7	3.239264653210762E-4	0.002056111150841737	0.031064699985530173	1.9344745048462834E-6	0.19212505094468404	6.090645471394837E-7	1.207459404366877E-6	0.31521869057463675	0.03706452332800039
116	116	7.609518868601845E-7	0.14386516878898573	6.852891817316607E-4	0.0029622836378059006	0.09852040462402913	6.982447732339708E-7	4.126405891846851E-4	6.430940445615443E-7	0.0015587899976854558	2.1577282160492613E-6	0.4533265502798378	6.793554298419444E-7	0.05625950779860252	0.2355393070042888	0.006865118723497756
117	117	1.0900461055464807E-6	0.31483394037784984	1.7283459214875808E-4	3.708404072737544E-4	0.21232945282088142	1.0002196051085179E-6	0.0025763993957717305	9.212174526130675E-7	0.0037770540561327137	3.0908961254266625E-6	0.27756481748375833	0.16215841654978372	1.9292741182257803E-6	1.480077399338594E-6	0.02620673258559349
118	118	7.576462102998866E-7	0.33085565771884284	8.794929817478804E-7	7.036192024886462E-5	0.17490692006605443	0.2011766643876552	0.02821330222742777	0.003867770878983497	0.008792240854852845	0.0039033505684359536	0.154916978453165	6.764042191815623E-7	2.5687822198608765E-4	0.0010402136100651769	0.0919973475488712
119	119	7.189897002249073E-7	0.09511110752695355	0.12139597389672585	1.8272069137736176E-5	0.15110955657043582	6.597405287508577E-7	1.8869507594947218E-6	0.23406091212617333	1.6692629403098473E-6	2.445380211449057E-4	0.3978217492591865	6.418928256603025E-7	1.952719644055082E-4	9.762526559613851E-7	3.6065476426405056E-5
120	120	0.021281840797196284	0.19814455478061532	0.018618249861651878	3.897967992911373E-6	0.2149604040423407	0.19646432345963105	0.06477286468197992	1.124949921604949E-6	0.012573855635922476	0.01682465553544516	0.19501459080030337	1.1883811458145973E-6	0.0572292680544031	1.8074049179510628E-6	0.004107373646532469
121	121	1.0059685325277445E-6	0.08616130648435456	1.1677511907136348E-6	0.522465654006674	0.1982592087652357	9.230705409951954E-7	2.640111653737512E-6	8.501619924411521E-7	2.3355355298430086E-6	0.02307463196516614	0.15778391888812765	8.980990738359573E-7	1.7804651048061462E-6	1.5970165738851843E-4	0.012083977069434586
122	122	7.773243510236193E-7	0.2507291117921023	0.13294073212811486	0.0019423658231813902	0.2211354382073488	0.014909689709385571	0.030134602045666245	6.569307067475686E-7	0.03724802837426254	0.002064641691587874	0.29913391310617804	6.939722835765692E-7	6.830288721067727E-4	1.0554601296692954E-6	0.009075264562594642
123	123	9.083712125132819E-7	0.14704248884927018	1.0544579981612077E-6	0.35584522510944966	0.14607908489171156	8.33515840154743E-7	2.3839726060316383E-6	0.0016143345870584989	2.1089459287364265E-6	0.012645587327556747	0.30685557256018064	8.109670613726917E-7	1.6077274723757237E-6	1.4420767993395285E-4	0.029763791036719434
124	124	1.2811150517170995E-6	0.2274582169762592	0.0014994050169638334	0.015962338079907084	0.220741549879028	1.452061076632772E-4	0.21486815814315938	1.08269323512276E-6	0.00968182826280895	0.015674158087678726	0.28730076265886084	1.1437417813988125E-6	2.0391023742672064E-4	0.0049851970401837845	0.0014757619599919819
